-28406.9980469 16679.7109375 -400.085021973
-6358.734375 12143.9404297 -421.681518555
3190.17919922 17041.1972656 -385.799255371
34052.7695312 16182.5351562 -369.906799316
39266.734375 -1066.66870117 -443.857574463
38464.609375 -17334.7128906 -423.759613037
14609.9355469 -19519.2558594 -397.208892822
1009.74829102 -16242.5917969 -428.0362854
3721.09594727 -8468.71972656 -402.626190186
-1820.30554199 -7692.83496094 -414.256195068
-5878.57275391 -14467.3847656 -410.262969971
-15254.5761719 -15286.0566406 -392.256103516
-22675.9609375 -14444.2792969 -373.294403076
-28411.625 -9649.45507812 -442.397003174
-32877.5898438 -7611.07421875 -431.986602783
-36896.8007812 -10789.8203125 -424.204040527
-41184.1992188 -1243.45996094 -394.121276855
-40551.8007812 10845.2373047 -396.682342529
18917.5820312 3751.73583984 -368.394592285
-16883.5097656 1212.89709473 -394.560760498
18621.4746094 16611.8671875 -419.593200684
27290.0214844 -10365.9189453 -424.13482666
-10768.1591797 -1445.1060791 -426.747497559
-28576.8847656 3478.43774414 -415.57598877
3225.85888672 3999.65625 -405.672576904
-31003.2382812 4313.91796875 -426.015563965
26537.2734375 -18426.984375 -425.069854736
-1475.99572754 2016.51013184 -392.992340088
-17382.8671875 14411.8261719 -377.822235107
29182.7871094 1407.2755127 -405.556274414
10571.8144531 10348.796875 -425.800994873
-4163.03955078 2279.31811523 -407.043823242
-36580.0351562 1774.9329834 -367.1796875
11268.8193359 -2029.7520752 -432.630065918
-22852.109375 8956.66796875 -355.874023438
12917.7314453 -7357.41162109 -422.97076416
30361.0039062 -3205.59301758 -442.916809082
36659.75 7557.93310547 -362.096160889
-16454.9511719 -6925.19238281 -398.287200928
38865.671875 -9200.69042969 -407.230010986
18518.4980469 -12298.7285156 -388.071990967
31526.3476562 8841.20996094 -404.921966553
11151.6191406 4093.91479492 -414.572753906
26337.1210938 16397.2011719 -398.346221924
10905.8271484 16826.53125 -431.203369141
-8560.16015625 -11408.6835938 -426.049560547
33333.7421875 -5553.06201172 -358.390533447
21215.8359375 -14955.6474609 -389.388946533
-12874.6689453 -8359.97949219 -393.221069336
-7989.27978516 5412.87744141 -390.356262207
-22383.1464844 -12809.6513672 -389.758453369
7809.84179688 -17880.9238281 -421.119995117
32721.0410156 -13754.2099609 -415.463897705
-34479.3984375 13762.4746094 -432.988525391
-17357.5722656 7800.13476562 -378.861480713
-28444.9492188 -3125.48242188 -371.691894531
-28360.8300781 10009.1835938 -409.63192749
3340.64746094 -2176.67773438 -401.633209229
3146.23852539 10729.7421875 -421.930908203
-1427.28393555 8249.00878906 -408.784912109
-22921.9960938 -8455.40234375 -401.627532959
-29873.5996094 10473.8183594 -411.729553223
-31814.1464844 -1459.4954834 -401.895935059
-40868.0 4800.88867188 -421.615539551
-30764.5585938 -2229.90209961 -384.206207275
20573.6054688 -18973.1210938 -408.317718506
32500.9414062 -17880.8476562 -406.99822998
-35645.2226562 7685.41845703 -383.363098145
1261.28601074 -3239.08569336 -403.983215332
-4097.10839844 7324.56738281 -401.711029053
-23027.484375 2295.27734375 -373.885955811
-11870.8007812 13277.8828125 -391.635284424
-22894.9335938 15545.7685547 -387.684783936
-6313.48046875 -4631.94628906 -430.214385986
-1584.27758789 14592.5683594 -390.10067749
16558.9609375 -3070.28491211 -425.722167969
33981.1328125 53.5382957458 -418.3125
-36892.59375 -4464.28466797 -393.162322998
-39040.5 -6016.64013672 -400.960235596
22733.859375 13303.4423828 -413.403381348
14987.7802734 7159.83154297 -363.646148682
7331.66699219 14036.4638672 -397.395324707
7413.71533203 965.952880859 -433.192016602
-2725.08081055 -2942.05004883 -443.582611084
-38801.171875 6231.59277344 -374.318572998
-34662.5625 -2910.46240234 -391.385070801
-32686.375 9109.22363281 -404.474121094
-1384.90124512 11431.6210938 -397.395080566
7551.79150391 7385.1015625 -392.27911377
14511.3945312 13507.0957031 -425.20614624
7497.2265625 -5209.02587891 -404.049194336
14975.203125 1055.71472168 -404.314575195
30272.6308594 13294.4628906 -372.325134277
25181.3515625 -1851.20117188 -389.887329102
32894.09375 3983.98852539 -388.703857422
-1458.64794922 -2992.7980957 -396.619476318
-20186.8203125 5001.10009766 -381.552062988
-25671.828125 -369.168457031 -417.108642578
-10566.5742188 -14876.7207031 -409.695343018
16939.2480469 -5693.54638672 -412.712036133
8268.48046875 -7854.86474609 -403.847564697
26104.5644531 -4028.27294922 -454.60256958
27708.4140625 5789.15576172 -386.736785889
20265.8671875 -379.89743042 -396.915863037
37963.2421875 3245.63232422 -386.42980957
35356.2578125 11870.234375 -409.723175049
5177.10498047 -14826.2001953 -386.671295166
-11458.6367188 2262.66967773 -423.273040771
-17304.546875 -3240.33056641 -400.427490234
-15756.5625 -11017.5078125 -444.217590332
2365.42211914 -12355.65625 -384.581665039
26957.1289062 -14065.5556641 -387.144439697
38665.140625 -13267.7011719 -477.600128174
39066.203125 -5133.6796875 -381.791687012
10837.8046875 -10759.6992188 -372.472412109
19622.5371094 -8339.90136719 -361.000671387
28734.6289062 -6447.44482422 -406.250946045
-3849.43920898 -11080.109375 -418.726165771
17559.6230469 59.6671943665 -374.84072876
25048.4101562 5966.76074219 -367.076599121
30288.1113281 5193.42773438 -400.944091797
22758.9824219 -741.69744873 -389.227142334
11933.3564453 -17378.8691406 -389.554718018
24215.7929688 -7216.96484375 -415.862304688
-19341.2480469 -9509.41015625 -386.571929932
-20152.3066406 11302.0585938 -376.865722656
-13849.8212891 -4171.20117188 -419.951751709
-26372.4179688 6459.72558594 -370.247955322
-14672.1630859 3960.62939453 -365.055511475
22203.1933594 10097.8417969 -423.231628418
6854.42675781 10491.8925781 -408.830688477
7650.45751953 -2206.828125 -387.080596924
7279.32714844 4306.02197266 -423.232299805
14668.2177734 3996.50512695 -403.275268555
30194.9453125 16289.8681641 -426.713806152
22479.296875 16504.5351562 -381.382751465
7048.00292969 16933.8632812 -378.651031494
14763.6503906 16719.1992188 -415.197113037
-7229.28564453 439.524078369 -424.896148682
-4793.67285156 -9710.70410156 -414.408752441
-11820.5263672 -13589.2167969 -383.478637695
17593.5585938 -17732.7695312 -387.756408691
35196.6445312 -11179.0439453 -399.605285645
30056.71875 -16867.0136719 -422.742797852
-25543.7929688 -12046.8671875 -422.88659668
-18965.2695312 -14865.1679688 -402.312072754
-14267.5791016 -11815.0605469 -410.929534912
-12065.4707031 -4891.47265625 -369.103149414
-9899.63085938 2122.97607422 -381.978485107
-7696.36279297 8861.06347656 -398.527496338
-5455.68652344 -1335.48217773 -413.833953857
-6762.38574219 -7715.57470703 -355.774627686
-14590.4833984 -110.595535278 -404.009613037
-18844.4648438 -5741.01855469 -445.731079102
4409.79492188 -17061.7578125 -408.54864502
11209.8886719 -18700.0898438 -397.419555664
3976.75708008 -11659.6494141 -387.149108887
29780.8203125 -11802.5527344 -397.310974121
35337.28125 -15718.2011719 -414.097015381
35253.9414062 -7448.22607422 -404.603210449
24114.7128906 -17205.9824219 -414.49710083
-33648.390625 3096.24755859 -366.037475586
-31443.1992188 15221.0927734 -410.140838623
-37515.6015625 12303.8554688 -431.967681885
-17616.5566406 11692.1582031 -404.418914795
-17139.2675781 4941.39550781 -396.406799316
-22337.8496094 -382.909332275 -444.056030273
-22335.8105469 12777.0175781 -370.430236816
-28363.8945312 379.339477539 -410.144561768
-28259.4257812 -6458.26123047 -411.513275146
-28014.1269531 13851.4541016 -390.292144775
-28549.2167969 6757.39501953 -380.332427979
-23183.7421875 5347.89794922 -384.569488525
-11359.9931641 10387.9912109 -424.79284668
8498.92871094 -10734.3779297 -393.986877441
22178.6484375 -7611.23925781 -380.306152344
13110.1142578 -10446.4267578 -389.799926758
13578.5048828 -15820.1611328 -437.222839355
26336.7324219 -6996.34082031 -347.800720215
18647.0039062 13555.9345703 -382.001953125
3393.91772461 -5040.84423828 -426.381011963
3395.72045898 997.268249512 -425.064208984
3185.43823242 7451.19677734 -405.948699951
3145.14794922 13933.9277344 -446.777404785
-1374.03125 5079.88134766 -395.224914551
26433.6113281 13390.0849609 -380.731719971
-30693.1796875 -5436.01904297 -366.493835449
-36903.8359375 -7535.61230469 -445.678283691
1023.96252441 6222.93652344 -357.753356934
-3945.21850586 10268.078125 -430.628082275
1140.98999023 -21.65026474 -411.067138672
901.39855957 12457.8974609 -401.918060303
-18825.7167969 -11944.9755859 -446.437438965
-13533.4208984 -1882.52758789 -398.722625732
-19692.03125 -7638.38183594 -387.287658691
-25863.3984375 -9355.91113281 -411.455200195
-14330.1289062 2014.70263672 -384.153289795
-20064.8339844 -3549.98583984 -396.271118164
-35197.203125 10636.4599609 -407.301269531
-30584.5878906 8054.56835938 -368.423217773
-29517.2578125 13598.8525391 -378.075256348
-32936.265625 -4721.29541016 -396.447143555
-31187.3652344 1544.57568359 -391.523376465
-36029.8125 4780.27587891 -429.990600586
-29975.1308594 799.828552246 -407.494445801
-36882.390625 -1364.35180664 -401.194244385
-40709.8984375 7823.06298828 -372.293823242
-41026.1015625 1778.71435547 -412.431732178
-31861.1015625 -4716.37158203 -383.044769287
-29603.8320312 7532.47363281 -371.598968506
17591.7695312 -19246.1875 -440.442260742
23555.4394531 -18700.0527344 -435.832061768
24115.0742188 -14636.5029297 -379.669525146
35226.4921875 -13918.6328125 -444.070129395
36140.90625 -5264.51904297 -417.620239258
29519.1074219 -18153.9160156 -423.462036133
35482.7734375 -17607.78125 -421.587860107
36089.6015625 -9247.87402344 -386.053405762
29752.9980469 -14133.6699219 -452.749084473
-32190.6914062 12101.7949219 -405.076965332
-33120.2109375 6120.07275391 -429.105682373
-38054.6835938 9277.61914062 -384.261535645
-34189.7421875 124.525283813 -359.876831055
2555.86376953 -5978.66601562 -412.986999512
8.07931804657 -640.602111816 -429.54208374
-5090.59765625 9658.41113281 -391.558074951
-2485.76831055 4318.76318359 -376.072662354
-14201.3173828 7479.44921875 -423.816619873
-25133.2617188 -3490.75439453 -378.040252686
-26107.4570312 9344.96191406 -406.477752686
-26011.6816406 2644.41308594 -401.855682373
-19794.8945312 2140.05981445 -444.518127441
-9114.76757812 12710.9121094 -396.008789062
-14626.8339844 13844.8544922 -449.088684082
-19844.5292969 8676.49707031 -388.771026611
-20138.9003906 14978.796875 -375.610137939
-25650.9648438 16112.7402344 -401.395141602
950.395202637 -8080.77734375 -406.115631104
-6245.12890625 3889.46557617 -406.739318848
-8642.06542969 -3164.06225586 -441.901855469
-3901.78271484 -5978.89648438 -433.624237061
-10736.5869141 -9727.28808594 -454.199188232
1039.28137207 3032.15112305 -415.220428467
-3971.50585938 13368.2539062 -378.802703857
802.950805664 15816.8828125 -360.223205566
1046.51708984 9434.50097656 -412.25390625
-289.621337891 -5482.76269531 -371.438171387
-39014.5195312 248.25843811 -409.19354248
10035.9501953 -6052.95556641 -369.52255249
13918.0390625 -2816.5300293 -377.014038086
18794.2890625 -4209.87304688 -379.374145508
31722.4550781 170.923294067 -366.948577881
-35037.4921875 -6083.46679688 -366.632720947
-39229.4882812 -3032.39477539 -404.320892334
-38860.1015625 3119.50927734 -400.067260742
-40112.3515625 -3630.05004883 -412.38772583
-37968.6484375 -8403.23046875 -398.229187012
21073.7988281 8834.74316406 -425.93270874
12798.9785156 2293.4453125 -417.41293335
28555.4101562 14997.0380859 -380.70010376
24893.796875 11653.4755859 -399.641418457
20581.4863281 14996.2226562 -414.175140381
4964.41113281 9054.59472656 -404.909881592
5623.78662109 -3631.79394531 -364.945556641
12623.4658203 8875.44628906 -378.889953613
16865.3710938 5327.8359375 -454.853942871
8737.01269531 12109.9482422 -378.194763184
5103.50732422 15504.4521484 -397.538635254
9477.37011719 -693.545166016 -408.127685547
5713.67578125 2650.81762695 -428.302307129
9439.43945312 5365.86669922 -415.625793457
12505.1025391 15566.0166016 -386.344085693
17155.3789062 11818.8535156 -384.627105713
-34887.1953125 -9200.44726562 -395.74017334
-3569.12084961 -9.39997768402 -412.264007568
-12638.6494141 -10791.4804688 -410.326538086
-34558.8007812 5414.52197266 -407.875793457
-30749.3476562 12743.0205078 -402.758483887
-36721.1679688 9904.63964844 -419.018127441
-39604.8046875 8901.68457031 -376.299865723
-37416.9375 4072.70703125 -384.890350342
-33707.5390625 11365.3974609 -396.926513672
-35613.8398438 -606.984741211 -421.676544189
-33968.3164062 -5306.06835938 -397.472412109
-31728.2285156 6764.71582031 -398.621704102
-32702.8066406 804.151489258 -391.801239014
-30644.6074219 -8630.26464844 -389.470245361
954.731689453 4509.29394531 -451.804443359
753.599365234 14072.1435547 -378.168670654
1045.72717285 1621.77209473 -364.123931885
898.643615723 7912.86621094 -372.911773682
-3916.765625 11782.2207031 -409.062469482
876.088562012 10960.6640625 -425.407073975
20632.3574219 11915.0400391 -361.317047119
25712.6992188 3728.65258789 -382.803131104
32185.8203125 -1259.28771973 -403.346984863
12972.0605469 5828.61328125 -410.000488281
5186.03027344 12319.6230469 -396.477508545
9673.15722656 8962.24609375 -419.152801514
5042.63525391 5873.17089844 -421.695709229
12765.1201172 11917.7216797 -419.62878418
16961.1152344 15108.5605469 -373.843994141
5510.87158203 -6982.22509766 -398.699829102
9304.94042969 -3711.44116211 -398.472747803
13155.0556641 -464.337585449 -413.229858398
16965.4414062 2461.47851562 -406.941711426
5079.01660156 -456.052307129 -380.982208252
20860.9941406 5456.78710938 -400.514556885
24153.1445312 8573.34179688 -375.937347412
32452.2539062 15017.5029297 -398.87713623
28558.5058594 11883.5322266 -412.44519043
27145.0683594 312.048187256 -421.006164551
23155.9609375 -3241.04492188 -403.544769287
14288.7089844 -5453.5859375 -426.408660889
9214.04199219 2496.83276367 -397.887237549
16581.6914062 8730.10644531 -374.868835449
9313.90820312 15467.5332031 -393.130279541
31098.9140625 2758.34985352 -417.780487061
36172.1367188 1415.93945312 -404.061035156
33900.5507812 10336.5849609 -410.76940918
24263.0039062 15106.9863281 -385.4949646
-2305.00024414 -400.397979736 -404.490692139
-1186.19616699 -502.261199951 -368.52355957
-1497.28503418 -5283.65039062 -387.418273926
-3748.13061523 4754.30517578 -426.337188721
-26307.3417969 7895.75048828 -402.027923584
-18673.78125 2734.90942383 -403.711639404
-21553.6054688 7306.41357422 -385.178741455
-26629.8125 1504.90966797 -433.332763672
-24402.2539062 -2391.17529297 -389.642028809
-15751.3271484 12804.1083984 -427.981689453
-13324.2490234 8573.93847656 -379.090393066
-21293.5585938 13845.6699219 -414.133666992
-19066.6347656 9926.98925781 -412.953552246
-21378.734375 589.650695801 -413.706054688
-15886.1103516 5571.18457031 -405.907562256
-10275.8779297 11589.40625 -413.431640625
-24371.953125 11026.9609375 -398.828826904
-26874.7109375 14999.3134766 -402.399078369
-12910.5751953 -15081.3886719 -381.226623535
-8222.57324219 -14672.0527344 -400.760009766
-5915.36914062 -11845.9716797 -413.671722412
303.692108154 -6754.94677734 -423.990692139
-30628.2460938 -6970.67333984 -413.187561035
18219.9785156 -15216.046875 -388.568389893
19239.3671875 -5337.35498047 -422.351287842
15077.0546875 -6853.48193359 -390.308685303
6073.10009766 -8465.59863281 -381.792175293
10599.0947266 -7468.67333984 -401.187683105
20446.953125 -11983.7451172 -419.928924561
24479.8105469 -10186.9257812 -435.911743164
37413.4921875 -1512.5559082 -400.289489746
32419.34375 -2541.21923828 -374.661865234
15583.109375 -12041.4990234 -410.237335205
30962.8007812 -5821.70214844 -396.306213379
11445.6445312 -13549.2167969 -382.302062988
28204.8496094 -3413.3359375 -401.805847168
23619.5898438 -4443.73730469 -348.657226562
28286.1230469 2972.13330078 -363.770874023
27112.8886719 8217.71679688 -405.798065186
31013.3300781 11307.3056641 -420.575683594
12118.7236328 -4356.99121094 -366.934082031
20764.0507812 -3020.0690918 -397.984832764
19582.8378906 1700.58422852 -385.252166748
38614.9882812 1089.48181152 -450.012969971
37311.4960938 5401.78271484 -407.86706543
29768.6367188 -1106.50341797 -399.916870117
23237.3652344 4393.57080078 -399.703277588
36008.0039062 9714.08398438 -400.421234131
34704.515625 14026.3847656 -394.375030518
-39717.0390625 1734.80151367 -382.891571045
-39184.1875 -1512.06970215 -368.239837646
9716.19238281 -16546.1699219 -426.475341797
2465.10058594 -15476.6289062 -386.051177979
-14100.1367188 -5991.39990234 -405.080932617
-11224.1933594 4864.84521484 -411.244415283
-11511.4248047 876.196838379 -407.559570312
-17491.171875 -764.426574707 -441.968078613
-22592.703125 -5910.94189453 -410.677490234
-16082.5888672 -9577.9765625 -417.816253662
-15282.2294922 -12710.2226562 -377.265106201
-21755.0722656 -10400.7783203 -394.499542236
6423.64550781 -12860.9316406 -380.511657715
3043.2590332 -10412.1875 -409.597595215
1687.58520508 -14299.1240234 -381.865661621
8869.94433594 -15669.6015625 -380.36428833
-35269.2304688 -7680.54101562 -381.953155518
32829.5195312 -11649.0634766 -425.414306641
20841.7988281 -17238.1660156 -376.147064209
26791.1855469 -17013.8984375 -427.55581665
26969.6933594 -12814.5751953 -449.87008667
38564.875 -15301.2070312 -367.40838623
38765.40625 -11234.1953125 -393.865325928
38965.9375 -7167.18505859 -398.309539795
39166.46875 -3100.17431641 -399.484527588
32412.1640625 -16001.9853516 -455.184967041
34340.1484375 -3618.30810547 -431.862701416
10191.9541016 -11835.515625 -401.936431885
11668.7333984 -8371.1796875 -403.691131592
17177.3515625 -14133.8427734 -404.476959229
15534.6279297 -17732.0761719 -379.443115234
14383.8369141 -11127.4472656 -406.516235352
16106.3730469 -7682.3515625 -400.479919434
19193.1992188 -9863.02734375 -403.613494873
12574.3027344 -15707.1933594 -404.131713867
28131.75 -8003.87890625 -424.555389404
-4864.00585938 -12773.7470703 -396.263305664
-2834.87231445 -9386.47265625 -398.278381348
29684.0722656 10952.9501953 -415.743927002
17001.7050781 -2073.79467773 -416.705657959
25601.8203125 8156.05810547 -410.777038574
24493.6972656 4762.34521484 -381.26361084
32141.6855469 10541.6289062 -394.397033691
13413.4033203 -4594.78564453 -438.20010376
25997.1933594 376.370300293 -398.747741699
30983.9824219 -795.108154297 -402.407775879
37333.8164062 1296.2512207 -398.722106934
23146.8671875 782.990844727 -367.043518066
19320.0703125 -2344.89672852 -409.76550293
22261.8554688 5162.23535156 -387.074005127
27111.4589844 3742.63989258 -392.825012207
29801.3144531 2767.23925781 -389.299560547
20872.2304688 1690.01635742 -394.227264404
28506.4765625 7607.2109375 -382.444946289
34846.03125 1818.91833496 -362.6875
36136.0585938 5304.38525391 -425.191009521
33886.6367188 6421.61914062 -421.186645508
5085.32275391 -9613.39453125 -379.902526855
15192.8779297 -14141.4414062 -398.782287598
20683.6269531 -9214.69433594 -403.900146484
10519.6914062 -15847.1396484 -408.234924316
16476.6757812 -10753.9472656 -383.19619751
14002.9726562 -7972.78466797 -387.411193848
25539.9746094 -9145.78808594 -434.0340271
12031.5947266 -11126.5273438 -410.237304688
3219.37402344 -12964.5400391 -421.475341797
27109.7363281 -5090.95751953 -367.774108887
-17701.1386719 -11915.4013672 -408.939788818
-10241.4384766 4414.49707031 -408.253356934
-14949.6357422 -9055.36035156 -410.220336914
-20815.8886719 -11172.1337891 -382.058685303
-18431.296875 -8442.16601562 -410.266265869
-18480.921875 13137.7900391 -386.567932129
-14881.3789062 -5069.83544922 -335.828552246
-12828.7080078 -2972.78369141 -424.717834473
-21519.2421875 -2885.73461914 -379.092285156
-18624.7070312 -313.655914307 -415.696899414
-13071.7871094 5320.94042969 -415.108215332
-21862.9628906 10073.4990234 -414.341827393
-15813.1162109 -1565.41589355 -438.873779297
-12919.5507812 1055.21044922 -411.491333008
-20916.4785156 -7076.26708984 -385.13180542
-26536.4785156 -1206.54174805 -399.878509521
-24017.1425781 -5845.57910156 -406.162567139
-23888.3183594 7780.64404297 -391.5284729
-26478.1132812 5086.10839844 -394.312469482
-7570.72216797 11082.4169922 -406.801940918
-10494.4169922 8198.640625 -404.495758057
-27084.1132812 -8373.05664062 -377.914672852
-21017.125 4068.50195312 -425.754760742
-12975.4873047 12228.1835938 -386.537658691
-23742.359375 -9583.1484375 -410.464660645
-24096.6875 14400.0068359 -432.023590088
16755.4042969 13445.4326172 -412.890930176
20770.4140625 7070.75439453 -429.94543457
13045.4199219 910.87902832 -390.144897461
12907.40625 7312.57910156 -383.12387085
13089.4394531 13355.9052734 -418.690582275
20662.2792969 13447.1582031 -403.517211914
5165.08984375 13903.0810547 -371.049865723
5264.81591797 7474.02441406 -429.855987549
20766.5546875 10329.9453125 -435.424438477
24601.0390625 10269.4414062 -425.710906982
5368.39404297 10685.3632812 -379.598205566
9191.68359375 10507.8291016 -410.357086182
9258.76464844 975.122741699 -388.445220947
13270.9238281 4358.0703125 -393.770477295
32123.8574219 16236.2011719 -409.687744141
28266.0332031 16343.5351562 -413.220397949
5389.75097656 1079.68225098 -389.085144043
5431.83837891 -2079.44458008 -399.643829346
8960.38671875 -2348.87890625 -404.052276611
8976.91503906 16880.1972656 -375.179138184
5119.09082031 16987.53125 -377.796234131
9107.06054688 7477.90625 -432.421966553
5414.96923828 -5420.25537109 -387.308837891
5386.10693359 4279.86328125 -433.325531006
9200.29882812 3978.578125 -415.80645752
12834.7382812 16772.8652344 -386.063690186
16692.5625 16665.5332031 -433.536224365
16844.2753906 6978.44824219 -378.637756348
24408.2089844 16450.8671875 -424.177612305
20550.3867188 16558.2011719 -393.598388672
12778.25 10441.6835938 -398.283996582
16932.9589844 10328.4072266 -426.623413086
24603.5136719 13406.9072266 -429.155578613
-6707.46923828 6309.56494141 -368.636657715
-9713.89355469 -12611.0908203 -389.200927734
-5159.92578125 1618.29309082 -409.311767578
37511.640625 -14195.7958984 -405.784454346
37429.4960938 -6568.88525391 -401.495239258
19237.0722656 -16352.8984375 -384.871612549
31570.2636719 -10791.3457031 -419.079040527
25822.2929688 -15897.6083984 -427.808532715
22776.8066406 -13848.2148438 -388.874511719
25506.1347656 -11221.4785156 -421.617279053
37339.1054688 -10235.7382812 -385.968933105
34026.4921875 -12963.6757812 -422.062408447
31111.7382812 -15140.3857422 -426.172943115
28477.6835938 -9486.59570312 -420.021057129
31569.9335938 -7252.28076172 -370.522888184
34445.4335938 -4704.07128906 -420.087036133
37837.4335938 -2819.34130859 -384.63848877
28418.4101562 -13329.0244141 -404.75390625
34973.6601562 -8775.40136719 -419.549377441
33498.0664062 -16799.2070312 -413.039581299
-24109.8769531 -13245.5732422 -411.967437744
-26977.7089844 -10848.1611328 -384.774505615
-17109.921875 -15075.6123047 -385.066864014
-20820.6152344 -14654.7236328 -403.294311523
-7070.26318359 1724.40258789 -429.991760254
-4650.18945312 -7874.60058594 -395.561065674
-10642.7880859 -8546.6640625 -396.783691406
-3278.40551758 -4522.58984375 -392.672454834
-8265.78710938 -1633.79455566 -414.942718506
-8708.24902344 -4590.38916016 -415.844390869
-5724.83056641 5461.79052734 -375.140319824
-14575.96875 -14121.6513672 -380.213104248
-13603.4199219 -10480.1835938 -403.867889404
-13146.2919922 -6946.16650391 -451.630889893
-11440.8173828 -3812.34594727 -415.017669678
-9356.70996094 3428.03295898 -409.314788818
-10496.0361328 11.2983589172 -410.577209473
-7760.33886719 6694.26318359 -416.726959229
-7335.77832031 9956.60058594 -412.835876465
-5008.40820312 205.219390869 -356.758728027
-5721.36816406 -2891.6887207 -390.727111816
-11107.015625 -12007.9306641 -455.908508301
-6986.3359375 -6219.44775391 -405.269592285
-8550.18652344 -10044.0078125 -443.475769043
-17163.5957031 -10508.3085938 -370.772918701
-14244.1064453 -7917.79394531 -358.536804199
-20006.5019531 -13482.7988281 -436.904724121
-15035.0146484 -3698.20776367 -395.549621582
-13300.1640625 -427.381439209 -397.628845215
-15706.5917969 605.076721191 -366.817565918
-21689.8339844 -4946.30175781 -401.491699219
-17394.9648438 -6120.57666016 -439.980651855
-23835.6289062 -7425.53369141 -414.761047363
-12518.9541016 3176.890625 -394.654724121
-10312.9072266 5821.19824219 -390.072174072
2709.77148438 -16652.1757812 -403.409667969
6109.81835938 -17471.3398438 -387.655639648
12909.9121094 -19109.671875 -453.821105957
9509.86523438 -18290.5078125 -398.492919922
-29924.8242188 2312.11254883 -385.25958252
7908.45214844 -16375.6376953 -421.257019043
4903.44091797 -13596.859375 -401.242889404
18866.8789062 -17929.3007812 -417.366790771
37366.234375 -12289.4023438 -392.931365967
37859.9609375 -4129.81201172 -384.966094971
28438.1289062 -11169.4130859 -402.916320801
31569.3789062 -13083.4150391 -421.946960449
25507.6445312 -13589.8779297 -418.585998535
30728.0175781 -8238.61621094 -357.698547363
34106.15625 -14492.15625 -392.485473633
36974.3203125 -16291.2558594 -375.723937988
34374.2148438 -6568.80810547 -383.841583252
37789.9804688 -7961.04492188 -401.889068604
34278.3554688 -10098.4160156 -421.282592773
-37155.96875 6883.34375 -413.767700195
-32291.3730469 3758.04516602 -422.707672119
-35997.5 13033.1650391 -424.29119873
-39033.703125 11574.546875 -383.328826904
-34154.375 8396.01855469 -419.042694092
-35083.2734375 2337.32373047 -391.174194336
-31136.0820312 9676.5703125 -407.973510742
-29925.0976562 15950.4023438 -380.834350586
-32961.296875 14491.7832031 -435.788146973
-33206.90625 -2284.70043945 -380.842224121
-20697.6269531 6335.765625 -393.507019043
-25401.0214844 14754.1708984 -416.561279297
-8838.00195312 11333.2460938 -361.210144043
-17103.7851562 13016.7333984 -409.854919434
-17384.4257812 9167.68164062 -365.282653809
-22588.4960938 985.702087402 -416.156707764
-22870.9941406 -2578.67895508 -457.041931152
-22665.2832031 14145.7167969 -399.329162598
-23266.7988281 10324.0283203 -413.686584473
-28632.7988281 8365.10839844 -431.854492188
-28557.6679688 5126.98242188 -383.668823242
-30617.7734375 -3803.10888672 -420.320983887
-14845.2910156 8698.17675781 -417.422607422
-25507.9453125 940.567626953 -375.066680908
-19877.7128906 411.145599365 -390.999084473
-16926.3085938 6480.60302734 -428.03805542
-17084.1269531 2605.27563477 -412.914123535
-28781.3515625 1808.57922363 -402.560180664
-28722.7421875 -1830.6472168 -419.566589355
-28506.8730469 -5150.22607422 -388.112548828
-28447.7363281 -8113.76074219 -418.566314697
-14466.6826172 5176.04443359 -424.783233643
-26013.0449219 -2496.92871094 -429.05065918
-25477.4765625 -5086.22900391 -406.011352539
-28283.9628906 15368.8720703 -381.17175293
-28727.4257812 11399.8427734 -439.674041748
-22534.5 7676.79785156 -406.06652832
-23291.8105469 3797.01757812 -409.617034912
-11621.6367188 11863.5009766 -406.387298584
-11712.1748047 8636.60546875 -419.460449219
-25598.0449219 4240.09814453 -366.188415527
-14354.8515625 12549.5986328 -362.926422119
-20399.5546875 9953.19921875 -439.558685303
-19883.3789062 13620.0546875 -404.179992676
-19704.9707031 3720.73632812 -391.484313965
-25523.9316406 10830.4501953 -405.253936768
21222.8964844 -12951.2099609 -380.273529053
18395.0722656 -13726.4423828 -421.003631592
10483.3857422 -9143.38867188 -455.63760376
15462.6855469 -10966.2480469 -377.340332031
8809.54394531 -9164.57421875 -386.346099854
9037.46191406 -11946.4970703 -438.588592529
20603.1679688 -10687.4589844 -396.409484863
21895.9648438 -10318.2490234 -403.635772705
21715.7148438 -6433.06103516 -386.718719482
12959.9091797 -8868.67382812 -355.624176025
13170.1455078 -11857.7158203 -361.586181641
13384.3896484 -14604.0322266 -391.075775146
14608.0283203 -18474.4394531 -426.476715088
19529.0273438 -6879.66748047 -439.176330566
24351.6191406 -8658.61621094 -389.601867676
32965.7226562 -4051.23730469 -384.965362549
30628.421875 -4490.61279297 -429.793609619
28365.4902344 -5022.29589844 -407.650726318
18405.8535156 -10896.0605469 -406.425567627
17257.6933594 -7083.73925781 -431.984985352
26195.2636719 -5573.96386719 -384.923522949
26301.7421875 -8251.28613281 -421.336120605
15086.8642578 -8419.34082031 -396.560577393
6525.53222656 -9927.10058594 -426.755523682
12100.796875 -14508.046875 -392.968841553
11470.2167969 -12342.0419922 -421.19732666
15893.4882812 -13503.59375 -376.99105835
23955.0625 -5745.22167969 -398.039031982
-8580.14941406 -13085.4716797 -429.118652344
-3871.02636719 8771.0703125 -398.82699585
22694.0175781 8652.59765625 -377.832611084
22614.8222656 11733.0800781 -356.018554688
7260.70996094 11921.3076172 -383.149536133
14944.5976562 5626.71826172 -436.549438477
18562.5917969 12000.28125 -419.090240479
3473.13427734 -3818.05688477 -420.532958984
3651.73095703 -606.955627441 -445.638549805
3410.67871094 2442.04125977 -375.149353027
3182.50561523 12298.2304688 -387.968017578
3135.54199219 15579.9648438 -378.630615234
-1700.8203125 6733.43945312 -402.785858154
-1297.06750488 3531.20483398 -376.422821045
11111.7294922 8917.79589844 -391.102630615
26412.6992188 15051.6123047 -428.831787109
26246.5117188 11893.2099609 -439.667541504
805.747741699 -1727.39978027 -399.540405273
7138.984375 2623.82470703 -373.504211426
4188.70263672 -6140.06445312 -416.913024902
7278.98974609 -672.512939453 -428.734313965
3557.69750977 5731.52490234 -371.892669678
3498.59643555 9053.09179688 -404.999755859
-1508.58007812 9789.98046875 -404.63470459
7213.91455078 8962.01464844 -381.857666016
10926.5634766 15378.1875 -388.961273193
10874.5732422 12045.3535156 -404.498504639
-1615.28540039 13090.5683594 -441.051727295
7286.73828125 5793.65429688 -425.120574951
14669.9189453 15166.2226562 -426.198760986
30011.2363281 14804.8613281 -398.267272949
14769.0703125 11919.9570312 -435.64956665
7141.5078125 15444.4003906 -447.910705566
-29225.6855469 -569.742431641 -422.461791992
-29215.7675781 -3947.08666992 -414.475799561
-31782.1601562 -6466.71240234 -361.629547119
-29579.3300781 -7477.27050781 -404.194976807
-29614.9296875 6006.24804688 -393.038238525
1964.26452637 14753.3974609 -369.683532715
2226.43554688 5117.86328125 -419.734436035
-264.513183594 7163.39941406 -414.457641602
2238.16992188 -1105.2364502 -439.171081543
-257.073455811 822.375244141 -393.734222412
-350.48727417 4320.17382812 -452.491973877
2150.39672852 8452.01074219 -396.724487305
2190.00878906 2649.48681641 -433.474365234
-2415.90136719 8961.73144531 -388.731018066
-5134.56933594 11196.1357422 -409.176513672
-617.220031738 13941.0068359 -374.149902344
2074.60009766 11707.0058594 -370.277587891
2088.90527344 -4477.734375 -420.362854004
-2757.32543945 5576.90478516 -380.225280762
-261.3074646 10289.8232422 -404.395965576
-2773.54443359 12346.1914062 -401.169128418
-16815.4921875 -13196.1357422 -419.21484375
-11895.171875 -293.229858398 -402.06942749
-15427.5996094 -494.158630371 -420.334472656
-21172.2050781 -6184.66113281 -418.340820312
-17388.8867188 -9187.33203125 -448.677368164
-23026.7304688 -10481.2919922 -402.490997314
-19833.2265625 -12082.2607422 -422.571624756
-12283.7636719 -1488.67675781 -429.589752197
-14950.9160156 -2389.23364258 -373.363342285
-18169.1015625 -7171.31152344 -438.433166504
-21247.4394531 -8175.19140625 -424.114868164
-14876.2460938 -6679.18505859 -394.823577881
-13516.9921875 4150.07666016 -433.000335693
-9669.17285156 7277.32568359 -378.440490723
-26762.140625 -9750.93554688 -417.664489746
-24421.9277344 -8456.55371094 -402.947509766
-13053.5664062 2264.49365234 -382.133148193
-15791.6533203 1748.07763672 -393.964447021
-18450.1621094 -3403.00830078 -415.995025635
-21013.3867188 -4081.62280273 -424.266876221
-20614.0234375 -9969.94726562 -413.719512939
-38410.1484375 7734.49804688 -395.930541992
-32891.125 7607.30029297 -419.400299072
-33708.8867188 1677.15673828 -364.521850586
-35473.3359375 9133.15136719 -388.546081543
-34883.4179688 12184.4375 -424.429504395
-30527.6777344 -718.119384766 -382.100891113
-29746.9707031 9092.34277344 -464.171417236
-30432.5664062 6746.26513672 -387.305450439
-31854.6855469 -2999.78564453 -395.220245361
-32770.0078125 -5997.38525391 -400.651916504
-31176.4589844 2958.85229492 -377.974731445
-31479.5019531 65.9113693237 -447.009307861
-35629.9609375 6304.65966797 -379.472564697
-36130.5820312 3279.42333984 -471.14276123
-31892.4785156 13608.9511719 -448.472045898
-29105.4765625 12569.4580078 -421.325897217
-32485.265625 10570.0195312 -402.376068115
-34345.5664062 -1365.41369629 -404.359527588
-33420.1210938 4596.9921875 -399.059814453
-37770.2890625 10794.5810547 -383.517791748
-36968.875 -2931.64013672 -372.436889648
-40630.8515625 9334.15039062 -437.573028564
-40788.9492188 6311.97558594 -393.874664307
-40947.0507812 3289.80151367 -390.006774902
-41105.1484375 267.627197266 -448.802978516
-38656.7304688 4665.00683594 -432.934661865
16100.8525391 -19382.7226562 -395.915252686
19082.6875 -19109.6542969 -356.17388916
21895.9082031 -17352.6796875 -409.35723877
27996.7832031 -16469.1621094 -397.871520996
25627.6621094 -12324.9736328 -412.367919922
31319.1171875 -16599.1601562 -404.34854126
25046.3554688 -18563.5195312 -390.802490234
22064.5234375 -18836.5859375 -396.815551758
22481.4589844 -14954.9169922 -406.057250977
25500.1660156 -17096.9101562 -403.991577148
34823.5195312 -5685.25146484 -417.811553955
37734.3984375 -5292.87646484 -403.282287598
28028.1914062 -18290.4492188 -406.419494629
31010.0234375 -18017.3828125 -365.093017578
33991.859375 -17744.3144531 -378.248687744
36973.6914062 -17471.2460938 -388.066589355
30833.7207031 -12025.2480469 -372.720550537
31460.25 -9524.42480469 -382.723846436
28307.9941406 -14385.3671875 -394.585083008
31117.1757812 -13893.3212891 -393.265655518
27884.109375 -12215.6113281 -387.371826172
34002.109375 -11531.125 -403.16192627
34289.3359375 -7769.84667969 -401.29296875
33867.7070312 -15716.6171875 -406.670593262
-34804.2304688 3933.28588867 -429.708404541
-36342.8632812 11479.1513672 -418.257049561
-37588.8632812 5362.89941406 -387.042877197
-30575.3828125 14322.4160156 -420.569152832
-31118.1328125 11240.0898438 -387.90246582
-33395.328125 12899.3291016 -387.646636963
-32112.5390625 5204.73535156 -423.236846924
-34267.34375 6971.42773438 -395.547637939
-36980.3359375 8412.03222656 -450.17578125
-32933.4921875 -680.628112793 -405.122131348
-35678.4375 754.741699219 -424.084899902
-31767.90625 8298.78613281 -392.034606934
-33983.1992188 9874.53125 -413.420562744
-32454.6582031 2294.23120117 -359.391113281
-33909.2382812 -3882.23706055 -405.549987793
-882.499267578 -4198.46923828 -381.608642578
3068.56640625 -7154.69775391 -434.40322876
-2354.81274414 3129.67749023 -373.399017334
-26846.546875 12768.015625 -411.814361572
-16530.5585938 10448.625 -419.47958374
-15709.8994141 4458.15966797 -419.721862793
-22027.3554688 -1635.02380371 -386.256561279
-22149.8261719 11397.5791016 -389.5965271
-24096.7207031 6138.87353516 -419.532684326
-10491.1943359 9246.86425781 -400.066925049
-21251.1796875 5340.38671875 -396.16619873
-24547.0625 -140.02003479 -416.570373535
-26757.1757812 -6888.40429688 -411.704528809
-26917.2578125 121.696800232 -384.078063965
-13624.1708984 10300.7832031 -388.167663574
-15916.2412109 7649.62988281 -428.818939209
-12803.0957031 6562.72607422 -405.935638428
-27162.3535156 -3178.19042969 -442.352111816
-24322.875 -4535.03662109 -374.842407227
-26905.3164062 10320.2216797 -393.17855835
-24002.3808594 9134.95117188 -427.453216553
-26912.5800781 3654.19189453 -373.724700928
-23994.34375 2585.97167969 -389.813598633
-21744.4570312 1905.5255127 -389.678710938
-18830.9726562 1141.47900391 -420.559631348
-7736.75097656 12427.4257812 -405.933258057
-10492.7841797 12994.3974609 -405.356414795
-13248.8173828 13561.3691406 -377.857635498
-18504.2089844 8040.16552734 -404.247955322
-21420.1855469 8712.00488281 -379.058929443
-18760.8828125 14695.3115234 -389.756164551
-21516.9179688 15262.2832031 -424.057800293
-18779.1386719 4848.41650391 -398.617645264
-18664.234375 11491.6005859 -427.430419922
-16004.8505859 14128.3398438 -418.683258057
-24272.9492188 15829.2539062 -397.696258545
-27028.9804688 16396.2265625 -411.565063477
-24783.5605469 12036.78125 -404.908447266
-73.5359649658 -3065.40991211 -459.288391113
-2942.3996582 2159.34619141 -436.58291626
-434.955169678 -7886.80615234 -383.026184082
2335.74560547 -8274.74804688 -400.410400391
1079.9119873 -5617.73291016 -403.579681396
-6658.79394531 7785.73730469 -389.554260254
-13012.953125 -12939.3242188 -404.65447998
-5085.91357422 3004.89575195 -382.565429688
-7328.48730469 4241.08056641 -378.055206299
-9237.12792969 835.452087402 -420.686340332
-6171.02246094 -437.025970459 -401.653808594
-6183.57177734 -9335.72460938 -404.637664795
-5151.92333984 -5359.20458984 -396.279388428
-2651.1105957 -6961.33935547 -417.347839355
-4509.30566406 -2246.47631836 -406.598144531
-9596.3515625 -2217.40917969 -380.007904053
-7592.70751953 -4050.59350586 -393.012023926
-8097.56591797 -6973.61572266 -389.792572021
-10755.4394531 -6162.90087891 -362.241363525
-11793.2617188 -9027.46972656 -445.093444824
-10006.0605469 -10805.5585938 -413.135620117
2027.54528809 13198.5048828 -425.988739014
-2693.82788086 7756.71289062 -366.481506348
1996.56494141 16429.0390625 -409.873962402
-390.663391113 15204.7255859 -419.993408203
2516.68481445 100.422241211 -396.362976074
-197.301696777 2277.05932617 -408.889160156
2023.14123535 3877.14208984 -415.7081604
1941.96899414 7248.79980469 -378.539367676
8.75660419464 5252.19726562 -399.408233643
-85.4188232422 11534.7167969 -396.430023193
2507.40698242 -3186.91601562 -401.061096191
-2777.89160156 13980.4111328 -421.040161133
-5165.12011719 12756.0976562 -421.380126953
-260.08480835 8930.5859375 -403.626434326
1884.98266602 10442.8662109 -387.587158203
-2699.41992188 10985.8496094 -387.677520752
-3728.20849609 3465.26611328 -407.12387085
1636.11730957 -6938.73779297 -414.309967041
538.680603027 -4351.61962891 -443.808654785
-1298.59509277 -6617.04589844 -368.286590576
-667.34197998 -1850.95629883 -404.665588379
-35875.8515625 -3382.94116211 -412.384216309
-40128.1914062 -835.778625488 -406.242736816
-38046.7734375 -2236.29882812 -432.907440186
-39807.4609375 5275.6953125 -373.078735352
24071.8339844 -1118.46313477 -390.781524658
26436.1738281 5984.50390625 -373.747039795
18809.53125 -171.396362305 -378.451171875
33506.21875 -1805.73962402 -420.053924561
17506.4921875 -3944.51928711 -390.867431641
20372.2929688 -4450.21777344 -372.168121338
25252.3007812 2431.43017578 -383.478210449
27863.7382812 1536.35913086 -402.22567749
30664.8886719 1413.75415039 -436.095214844
32890.4023438 503.525848389 -423.84564209
15586.9882812 -5386.56640625 -388.625
11355.5117188 -6205.14355469 -433.770965576
12593.9394531 -2400.06835938 -422.804168701
6869.13818359 -7422.36572266 -406.888336182
16356.4277344 570.779296875 -395.13571167
24591.5996094 7186.87841797 -398.720062256
35209.1640625 313.726745605 -417.598724365
38116.4375 -593.742614746 -423.77130127
29336.9824219 -2471.79492188 -417.645629883
35467.015625 7856.99023438 -409.71472168
30276.03125 9067.83691406 -414.825805664
27569.7070312 9731.65527344 -463.130249023
34063.65625 12399.8193359 -422.17276001
21472.9609375 -952.186035156 -432.330169678
29028.8730469 5467.89404297 -410.857452393
34079.6601562 4157.57373047 -413.92010498
-35666.6953125 -2037.31079102 -467.65045166
-33939.7226562 -6902.51367188 -411.358734131
-36106.4140625 -5518.02197266 -427.81262207
-38148.6054688 -3740.39599609 -391.490447998
-39819.2070312 4135.18066406 -381.397827148
-37957.5664062 1596.7154541 -416.108825684
-36326.8320312 -8756.02246094 -387.577087402
-39641.1757812 7323.91015625 -376.814025879
-37998.2539062 -923.460388184 -396.030273438
-37432.7265625 -9596.52539062 -393.063751221
-39576.4257812 -4823.34521484 -415.492950439
-40648.2734375 -2436.75488281 -403.625305176
-38504.5742188 -7209.93554688 -414.787628174
19812.3125 6467.22802734 -352.312805176
15966.7480469 9835.87207031 -369.663330078
21947.4589844 7555.68847656 -373.13861084
19737.2832031 9646.04882812 -418.425842285
10283.46875 1749.13269043 -405.433746338
14058.8037109 1647.08129883 -411.049072266
12361.0527344 3570.68066406 -391.306365967
28876.9492188 13374.7978516 -380.405151367
21686.6074219 14031.0175781 -407.455474854
11905.0429688 6564.78613281 -352.299194336
6179.36669922 11662.7158203 -419.536254883
11960.8291016 12734.0205078 -390.22467041
15800.8076172 15633.2460938 -394.281585693
7926.13085938 -3665.26196289 -396.523651123
27507.4804688 12609.3671875 -452.534667969
17685.3515625 14110.4423828 -360.409820557
25359.2734375 14447.6455078 -390.622558594
18142.6503906 4866.79394531 -416.020721436
15936.8310547 6142.59716797 -388.980102539
6168.33544922 14485.5341797 -386.273345947
21595.7128906 11301.4863281 -388.190643311
4439.38378906 522.852233887 -406.2550354
23438.421875 9661.2890625 -443.178222656
8252.48046875 3312.31103516 -416.334625244
4233.19726562 6857.49169922 -408.388458252
26024.9238281 10499.2558594 -385.913970947
23628.1582031 12444.1455078 -388.50088501
6262.10742188 8142.08691406 -435.836975098
4255.72900391 10198.0625 -377.37310791
6646.09570312 -4539.16650391 -368.133666992
4507.33154297 -3073.35620117 -453.459686279
14002.8769531 8136.03076172 -419.913818359
11831.9521484 9925.34765625 -377.159637451
7730.96582031 12927.3720703 -382.203216553
9930.31933594 11566.3085938 -401.214080811
8367.81738281 205.278274536 -416.259124756
10221.3320312 -1692.34680176 -458.282775879
6425.70214844 1634.61010742 -395.64453125
4443.39208984 3286.39257812 -413.171783447
10592.9013672 7511.64208984 -394.758758545
6258.04003906 5197.09179688 -388.6925354
13996.4335938 5164.41650391 -399.640045166
8236.12011719 9736.7421875 -436.678771973
10181.9052734 4555.69287109 -391.627532959
8492.94042969 6284.64355469 -409.786590576
6193.66210938 -966.688171387 -408.357147217
17780.4023438 7867.49365234 -395.74786377
9978.57714844 14273.7919922 -394.587219238
13577.2480469 14786.7734375 -381.988830566
15844.6640625 12658.8193359 -378.113494873
18327.6855469 10516.9658203 -390.640228271
4190.88037109 13210.7324219 -390.204223633
12126.3925781 136.264511108 -410.870574951
15969.0185547 3221.44848633 -380.842956543
13865.5556641 11086.4648438 -399.062469482
19608.9414062 12701.0458984 -409.08190918
-38161.3242188 -5104.29003906 -370.902679443
-36114.7929688 -6719.49804688 -413.856140137
-35892.0 -9995.13378906 -413.251251221
-33882.390625 -8405.76074219 -377.418487549
-14000.4248047 -13298.2558594 -406.262268066
-7410.36474609 -9176.59472656 -405.765167236
-5425.63085938 -8429.24707031 -387.429779053
-6057.13769531 -6208.29296875 -445.099060059
-8040.36621094 1368.47717285 -440.590576172
-8300.83398438 3883.82275391 -399.582000732
-6219.21582031 2457.27050781 -382.064910889
-11994.8964844 -6073.27099609 -407.278686523
-4257.72607422 -4599.03369141 -414.426483154
-4345.37207031 5834.94238281 -401.730041504
-6187.59716797 10645.4873047 -408.564819336
-5234.85986328 8229.82324219 -420.029327393
-2160.77539062 -4238.56445312 -370.599700928
-3360.04003906 -1639.29138184 -415.694793701
-3875.70849609 1147.44665527 -439.287231445
-9908.515625 -5086.04589844 -392.789886475
-10607.2998047 -3019.69091797 -376.163360596
-1980.67468262 -1670.60009766 -411.809234619
-12170.4101562 -12057.453125 -405.449981689
-12798.9316406 -9705.72949219 -444.29675293
-7354.65673828 -846.434143066 -399.534332275
-6684.92578125 -3240.43847656 -394.375
-9323.96875 -7727.63232422 -412.974151611
-6765.94970703 5173.90039062 -392.440795898
-39097.375 10283.0322266 -405.840423584
-36583.5898438 5831.1484375 -458.470245361
-29267.8710938 14602.9091797 -419.14730835
-29894.5351562 11740.2353516 -381.968505859
-37389.9492188 2767.76196289 -403.241668701
-30761.0332031 5566.73828125 -421.045837402
-34717.8203125 1195.44348145 -399.116455078
-32688.3945312 -3619.23120117 -379.269165039
-29630.8652344 -6109.44091797 -446.306152344
-29652.4472656 -2817.02587891 -384.856719971
-31761.0976562 -8120.66943359 -403.542388916
-29528.1171875 -9139.859375 -399.966217041
-29995.5214844 3649.18579102 -434.210510254
2341.34936523 9591.16503906 -420.827758789
-2952.94775391 9791.26660156 -388.319030762
-344.423370361 12783.2021484 -446.90802002
-438.84866333 6112.24316406 -418.426727295
2073.8190918 -2242.29223633 -363.889984131
-3046.37719727 6679.39306641 -383.955200195
2388.33325195 6306.22509766 -385.128204346
168.660308838 3487.36743164 -412.630096436
2232.78515625 1260.82910156 -410.869171143
-241.342956543 8030.06152344 -355.229370117
35134.6289062 8709.92089844 -380.094299316
19571.3261719 14532.109375 -419.426300049
8058.03076172 11014.4384766 -402.524047852
12083.1328125 14246.3535156 -422.696350098
25970.5371094 7155.0859375 -381.559143066
31489.4140625 5800.57080078 -425.508026123
30105.625 234.190383911 -385.322479248
23569.5507812 5857.76806641 -418.156524658
13028.9208984 -3660.31469727 -423.811584473
16009.890625 4553.42773438 -389.730560303
17795.2109375 -4962.99755859 -407.667541504
21608.0996094 12612.5107422 -408.449157715
19596.1894531 11145.0683594 -393.555908203
18585.9941406 1017.73736572 -449.238098145
32201.4921875 1659.09716797 -393.486328125
23931.5234375 -100.042381287 -395.495056152
10233.1835938 379.891296387 -440.816131592
26709.2539062 4848.34521484 -420.959472656
19281.1796875 -1204.52624512 -389.161712646
33118.1835938 -570.662902832 -436.171813965
30883.5410156 -2102.01757812 -419.961334229
19576.2226562 -3344.92114258 -391.938323975
23517.5644531 11044.7001953 -395.787994385
4123.74658203 14924.7636719 -387.742889404
17762.8359375 12914.1455078 -403.059906006
12067.2587891 5043.45898438 -392.987945557
14025.9658203 6588.14892578 -419.989105225
6343.01855469 13022.5185547 -402.967407227
4246.72705078 11589.8632812 -416.807800293
8366.91308594 8439.44433594 -393.243103027
14215.9990234 269.065429688 -453.240875244
12249.4267578 -1198.43981934 -420.048278809
13967.1210938 9568.80566406 -415.379455566
8291.47167969 4814.87792969 -378.226257324
6365.86767578 3764.4387207 -371.951721191
4221.04248047 8078.82910156 -399.122619629
11887.8945312 7881.88183594 -446.771362305
4485.86425781 1907.12329102 -435.417297363
9759.49023438 6504.97216797 -415.291107178
9176.55273438 -6917.88085938 -391.924560547
6290.53222656 6705.921875 -434.185913086
4348.91894531 4706.78417969 -389.970153809
11864.2236328 11233.2978516 -397.431945801
13801.7578125 12479.2460938 -377.435546875
6793.23925781 -3307.79248047 -378.961120605
15775.0761719 14144.3935547 -400.983734131
8616.203125 -4576.22265625 -434.455535889
10380.7470703 -2893.67895508 -417.857971191
4450.52441406 -1623.3762207 -371.102996826
6351.9375 301.26071167 -410.532928467
23201.2949219 7269.68457031 -406.761169434
25406.8085938 9437.07617188 -387.401123047
27347.7324219 11105.6865234 -377.753387451
29932.6347656 12196.4306641 -376.941833496
16630.1699219 -754.759765625 -458.298583984
14580.5576172 -2166.03686523 -397.665039062
13769.5703125 3064.92993164 -415.113555908
8379.18457031 -1166.73828125 -380.638458252
12199.0341797 1458.96862793 -392.710845947
4290.65039062 -7396.94824219 -433.312652588
6631.24609375 -6056.21289062 -393.471466064
16125.3984375 1862.50622559 -396.016662598
17306.8496094 3762.39208984 -389.678955078
19541.3535156 4968.00292969 -375.625854492
22115.3222656 6364.15771484 -407.571533203
26302.3125 -978.729675293 -380.10345459
22012.109375 -3944.41894531 -431.884399414
16246.3613281 -4392.77929688 -385.015716553
12667.0185547 -5818.26855469 -394.787719727
10278.1220703 3162.92260742 -405.388977051
8294.3671875 1784.90869141 -400.555969238
31615.5898438 4347.06298828 -402.361999512
15926.0996094 11268.9951172 -380.475250244
11147.4140625 -5218.09570312 -371.937927246
19829.9882812 8038.64355469 -417.646240234
27518.2890625 14257.8662109 -364.58013916
4522.37597656 -4623.14355469 -432.33782959
6127.1015625 9511.59863281 -413.630950928
31312.1445312 14277.8476562 -417.479553223
16011.1796875 7599.71679688 -412.043548584
17715.9667969 9317.99707031 -394.162536621
8119.8359375 15078.1269531 -386.766326904
19967.7792969 2714.34106445 -409.034484863
28628.4609375 -1395.53405762 -400.896759033
21794.9375 4167.63574219 -383.197387695
6105.05419922 15927.2998047 -383.789459229
26721.0546875 -2474.16235352 -382.372314453
35383.1484375 6597.74169922 -419.823181152
37107.0 2543.89428711 -434.71963501
34228.7890625 11303.5371094 -384.302429199
32480.2949219 9567.99902344 -385.607940674
22359.3242188 1859.11486816 -362.042907715
28537.1640625 6516.01806641 -412.045898438
30592.7226562 7937.50634766 -409.257781982
28269.0722656 8751.69628906 -387.615692139
25475.2578125 12862.8740234 -398.132232666
17839.1132812 6298.45019531 -430.858886719
9894.48828125 12846.4863281 -390.064544678
23576.234375 13890.9140625 -381.638183594
21659.5585938 15475.7412109 -452.296386719
22060.6386719 -2252.61767578 -398.777893066
35728.09375 -1092.95910645 -415.742736816
34769.359375 3143.48535156 -387.949676514
29258.4941406 4143.06445312 -396.711669922
32669.0898438 6906.07324219 -427.497161865
-1526.15405273 627.109130859 -356.669342041
-21240.6328125 -13656.4726562 -391.09173584
-19660.8457031 7304.78662109 -414.55078125
-28003.7011719 12397.4863281 -425.312835693
-24977.2539062 2137.5949707 -390.315124512
-25137.84375 8405.39550781 -395.684112549
-20761.2871094 2845.43017578 -425.368896484
-27418.3496094 8956.31835938 -375.089660645
-13929.65625 9397.85351562 -376.910888672
-20955.3925781 12491.5048828 -412.431365967
-19486.0351562 10875.4238281 -367.048706055
-18553.7578125 9168.26855469 -374.505279541
-26145.28125 -5943.51025391 -423.560516357
-27895.6210938 -4181.28027344 -445.64730835
-25255.8671875 5582.27392578 -384.262237549
-20947.8789062 -671.57208252 -369.663482666
-9859.59082031 10270.2333984 -372.654937744
-26503.7617188 13944.0966797 -384.50390625
-16713.9570312 3760.26367188 -421.661651611
-13980.3369141 6253.91015625 -417.835144043
-12597.8085938 10953.5244141 -397.896575928
-27589.3398438 5957.62841797 -407.850067139
-27515.3085938 2510.09936523 -344.285186768
-23709.9140625 -3517.34033203 -384.67074585
-25112.8535156 -1406.06420898 -460.554412842
-15337.7519531 11447.0498047 -374.427185059
-12637.296875 7706.28027344 -410.384490967
-17980.1816406 1807.7722168 -414.33203125
-23387.5253906 2.71010732651 -405.947631836
-23175.5371094 6722.51953125 -451.363616943
-27704.8085938 -7433.09375 -429.937286377
-23764.7402344 13120.9033203 -369.99609375
-27791.2148438 -840.893981934 -411.748413086
-22254.1523438 4609.16796875 -433.03213501
-18148.7285156 5738.53173828 -442.079742432
-14082.5761719 -15183.7226562 -391.653076172
-11738.5742188 -14979.0546875 -431.221038818
-7050.57324219 -14569.71875 -390.641937256
-9394.57421875 -14774.3867188 -383.706695557
-7065.43408203 -12198.25 -391.659423828
-10520.2949219 -13443.2939453 -432.848754883
-29866.53125 -4825.39990234 -455.635101318
-29721.1054688 -1586.41687012 -434.729248047
-29708.2246094 4703.14306641 -414.24005127
18328.8183594 -8815.57519531 -395.264038086
22865.0625 -12885.4775391 -395.581329346
33586.515625 -2819.79492188 -376.043060303
31546.9335938 -3461.34960938 -437.975219727
29371.1699219 -8565.13769531 -391.596435547
25407.9921875 -7761.96533203 -390.773468018
17187.5214844 -15533.8349609 -449.035522461
19322.8515625 -14677.3720703 -414.659912109
20505.6171875 -5984.03417969 -386.34967041
18246.2539062 -6221.98339844 -432.938232422
16213.1054688 -6513.45214844 -419.146575928
13795.8173828 -6545.55273438 -394.50982666
7390.86376953 -8687.46484375 -422.119140625
4821.25439453 -8451.26660156 -401.628662109
9458.91210938 -8070.38574219 -422.317199707
23096.5898438 -10852.296875 -354.451538086
26029.40625 -10366.9541016 -409.695648193
14503.3974609 -12671.2177734 -407.33581543
16675.6445312 -12495.7568359 -420.375915527
30257.9863281 -6763.73388672 -391.888793945
12850.6855469 -13292.5410156 -416.449157715
9891.56347656 -13338.9345703 -431.225646973
24952.4863281 -4856.76953125 -393.73336792
22704.625 -5326.70361328 -417.222412109
15365.5244141 -16365.0195312 -402.025817871
11763.9384766 -9767.54394531 -395.480865479
11819.2128906 -6939.1328125 -408.851593018
32184.1777344 -6171.66357422 -423.600158691
19318.0859375 -11391.1689453 -389.277954102
21771.1464844 -11612.2060547 -396.206359863
9642.85742188 -10491.6523438 -424.688171387
14201.0029297 -9422.95214844 -417.69418335
7348.46289062 -10836.390625 -392.964324951
16313.3339844 -9276.50878906 -362.532226562
13097.5097656 -17024.3417969 -438.721801758
36420.5976562 -2276.07397461 -405.739532471
29324.2949219 -3969.60668945 -402.780914307
23226.1386719 -8143.84228516 -376.186279297
27526.7460938 -6359.48046875 -424.357788086
27255.7441406 -3899.06835938 -387.980163574
20830.4882812 -7696.18457031 -437.098449707
16639.7949219 -16709.2324219 -402.924804688
36114.7109375 2876.44067383 -414.968933105
28442.3105469 10628.6533203 -408.695495605
25676.46875 5111.24853516 -416.177032471
27449.4550781 6879.16259766 -404.829772949
36333.875 8636.00878906 -363.050415039
35682.1328125 10792.1591797 -384.320129395
25692.1640625 -2911.93481445 -406.069458008
30845.4609375 10013.3496094 -406.897949219
26305.8691406 1361.37866211 -397.08694458
34605.5742188 -974.629455566 -382.941436768
17225.5117188 1444.6619873 -375.033203125
14554.7460938 -4202.81982422 -373.372253418
15356.1601562 -368.502075195 -387.586639404
32875.5507812 13822.0732422 -404.666931152
33478.90625 2655.59057617 -375.516845703
11617.9931641 -3282.85498047 -390.107025146
19979.4433594 659.403625488 -402.634857178
38940.859375 11.4065551758 -390.799957275
37637.3671875 4323.70751953 -415.860321045
32907.1484375 5383.34423828 -415.11315918
15760.1621094 -1785.50183105 -432.368652344
28679.6855469 67.3527984619 -370.28137207
25006.0214844 -496.275726318 -416.307342529
23630.3222656 -2175.90209961 -382.135070801
7782.10107422 -6510.75292969 -404.465393066
29462.875 8229.68554688 -412.308563232
24796.3144531 1066.40283203 -417.181762695
13379.6904297 -1688.65356445 -411.233825684
31786.6074219 7807.94140625 -415.479278564
33750.9804688 1354.78601074 -429.77822876
38289.1171875 2167.55712891 -414.927520752
36985.625 6479.85791016 -422.539794922
18132.7382812 -2887.18188477 -399.249145508
18057.6738281 -1361.62915039 -413.386047363
32689.8964844 11481.2021484 -403.461761475
29876.5097656 6771.08300781 -401.606384277
28039.03125 4486.61083984 -378.485717773
20613.140625 -1676.30126953 -376.863922119
24232.3261719 3460.31469727 -338.532653809
30363.0546875 3811.22216797 -385.450286865
26801.8535156 2734.48071289 -367.116363525
9765.48925781 -4940.61865234 -384.534606934
34045.65625 9193.49609375 -406.359069824
35030.3867188 12948.3095703 -424.00668335
34378.640625 15104.4599609 -391.176452637
21655.0351562 422.13104248 -428.201904297
27511.6152344 -1111.40454102 -400.661193848
34680.46875 5286.69921875 -403.887664795
-2591.5690918 1006.26104736 -420.719085693
-35159.5859375 -4534.09570312 -422.155395508
-37142.6367188 269.195098877 -389.358703613
10798.1728516 -17272.1015625 -388.975311279
5353.24121094 -11016.3486328 -340.000457764
8695.16601562 -14229.1835938 -395.862518311
6418.41845703 -14770.9111328 -446.565063477
3944.33398438 -15681.4296875 -429.305908203
5446.53417969 -16069.6484375 -450.394104004
-19720.4863281 -6466.32324219 -410.037506104
-16323.2158203 -4294.89892578 -416.286804199
-16306.3583984 -5719.12841797 -424.443389893
-25812.2089844 -7836.96142578 -422.950195312
-11833.2197266 5797.14892578 -411.502166748
-17744.0585938 438.47769165 -403.659851074
-16897.3769531 -1875.89221191 -393.895965576
-22271.3398438 -7216.91455078 -399.751739502
-11413.3994141 3560.27636719 -380.755187988
-14360.5214844 868.123657227 -421.020202637
-20089.5703125 -5141.17675781 -401.391296387
-19406.5371094 -2370.65795898 -396.264282227
-12473.1484375 -4050.8828125 -444.050476074
-23066.0566406 -4838.2265625 -412.451477051
-14009.0898438 2999.89355469 -370.232116699
-10416.2353516 3089.8190918 -382.251617432
-18620.59375 -10625.4970703 -422.695617676
-22325.7070312 -9354.75683594 -413.949768066
-21914.9589844 -11471.0400391 -434.617523193
-9286.69140625 8742.88085938 -415.699188232
-8903.16503906 6235.29443359 -406.213256836
-19033.8730469 -13264.8544922 -426.332550049
-24920.515625 -10052.3632812 -426.147399902
-14835.3076172 -10283.8525391 -406.305908203
-14073.3544922 -3090.81640625 -435.022216797
6816.89355469 -16308.9228516 -388.547943115
3067.76757812 -14425.5087891 -389.340423584
6377.17871094 -11606.1015625 -420.141418457
3382.17749023 -9440.453125 -379.979980469
2704.34057617 -11383.921875 -455.086425781
4267.25634766 -13030.1464844 -408.394958496
2026.50366211 -13327.390625 -421.368927002
7372.12841797 -13729.1796875 -403.637054443
4321.30029297 -10466.8671875 -378.270294189
1348.66674805 -15270.8574219 -386.653259277
-37481.8710938 -6119.70800781 -360.632629395
32864.8046875 -10285.9130859 -409.019470215
32686.5585938 -12862.0849609 -421.172088623
38514.7421875 -16317.9599609 -375.761688232
38615.0078125 -14284.4541016 -380.526245117
23273.7128906 -15939.0136719 -393.669250488
36605.765625 -14987.4052734 -422.32220459
35687.4257812 -10271.8886719 -396.617431641
27165.8515625 -15301.9160156 -424.71472168
30361.8515625 -10897.9052734 -416.996734619
35413.4570312 -12416.1679688 -411.69821167
30171.7558594 -9551.78125 -419.306518555
29586.1210938 -14895.7949219 -382.188049316
23962.2460938 -13584.6279297 -402.114593506
39116.3359375 -4116.92675781 -407.146820068
39216.6015625 -2083.42138672 -376.036590576
26863.640625 -11570.7929688 -417.540100098
38715.2734375 -12250.9482422 -392.71472168
38915.8046875 -8183.9375 -380.023132324
33026.5039062 -7279.43701172 -418.688323975
36003.59375 -6466.51269531 -420.094848633
39016.0703125 -6150.43261719 -397.38104248
38815.5390625 -10217.4433594 -410.279876709
35459.3242188 -3994.7355957 -412.663208008
32972.8632812 -14956.6904297 -412.086212158
30121.5410156 -12992.1035156 -404.122894287
18070.0195312 -16569.984375 -392.678894043
24351.3144531 -11515.1699219 -397.638092041
18367.9609375 -7588.90234375 -425.164093018
14670.2421875 -15352.7949219 -398.225067139
35032.7265625 -2503.59350586 -417.390808105
17590.6582031 -12906.0537109 -348.546691895
15292.5019531 -9910.86621094 -391.07019043
7614.30175781 -12052.046875 -393.835479736
23274.5117188 -9525.76953125 -393.495605469
10836.9433594 -14557.1855469 -417.779632568
27030.2109375 -9270.58105469 -398.521514893
29632.7226562 -5399.83349609 -441.358123779
19610.3632812 -12990.1582031 -395.6902771
23077.0585938 -6718.11035156 -386.305786133
21427.1972656 -5209.56054688 -454.457214355
31935.890625 -4836.02050781 -413.250335693
22018.6972656 -8844.32226562 -443.906799316
-4356.72265625 -11926.9277344 -368.373443604
-5371.2890625 -13620.5664062 -368.247467041
-7229.63427734 -13481.5917969 -416.263916016
-2327.58886719 -8539.65429688 -397.71282959
-3342.15576172 -10233.2910156 -409.178192139
-5509.90722656 -10634.8183594 -411.724487305
8792.39941406 -5805.45751953 -379.598937988
20438.625 4019.69482422 -393.600097656
29212.4375 9706.45605469 -411.184417725
36860.7265625 94.6939926147 -456.962982178
31222.9882812 7034.20361328 -385.267578125
32199.6132812 3060.91796875 -371.251037598
15305.5419922 -3079.21972656 -379.817962646
28000.4785156 -2187.74731445 -434.396392822
26399.75 9226.30566406 -455.620758057
23794.5703125 2112.94482422 -405.85635376
14466.6611328 -930.987365723 -419.500701904
24653.7929688 -3293.25878906 -405.109893799
18428.2324219 2514.56811523 -399.852752686
10711.9511719 -4007.77905273 -436.501617432
35648.125 4158.93603516 -401.489746094
22790.0527344 3178.39208984 -407.735717773
21384.1347656 2865.30493164 -384.312896729
31429.2207031 12519.1582031 -445.232971191
32915.5117188 8318.171875 -341.892822266
33112.90625 12822.0322266 -370.889160156
34079.65625 7756.25146484 -380.767822266
17225.1757812 -8379.73242188 -425.002075195
25229.4726562 -6311.94824219 -417.751739502
20353.8945312 -14208.6435547 -370.292663574
5253.97216797 -12359.8164062 -388.812744141
7763.01367188 -9796.86816406 -434.684387207
7632.66113281 -15073.3671875 -410.809448242
29411.0371094 -7496.38085938 -380.134918213
8553.91210938 -13026.6279297 -411.142120361
14183.0917969 -13905.0498047 -418.230224609
17502.7617188 -9855.16601562 -422.637084961
16086.7675781 -15110.8242188 -402.421356201
14167.6376953 -17195.7207031 -433.354400635
17401.3300781 -11450.7490234 -436.466949463
8852.2890625 -17042.6640625 -386.394897461
23234.4179688 -11946.7978516 -373.625457764
4176.24121094 -14152.7197266 -407.761352539
9749.07714844 -14855.8652344 -399.624694824
11477.0117188 -15986.7294922 -368.153137207
5660.21630859 -13781.2822266 -389.801361084
27149.1699219 -7776.10498047 -386.802734375
-15510.7695312 -8030.25830078 -390.171295166
-20583.3378906 7744.58300781 -404.78729248
-13171.4941406 -5332.29931641 -454.928588867
-20121.4316406 -8697.921875 -395.107940674
-17561.3359375 -4755.84716797 -380.778991699
-20658.5957031 1577.81347656 -409.737792969
-16575.0253906 -259.380493164 -407.014648438
-26391.5195312 -3975.17895508 -394.195983887
-8348.03320312 7672.76123047 -385.876800537
-26110.9960938 11842.9345703 -404.069885254
-18302.9941406 -9593.59277344 -436.610961914
-17964.4433594 -13451.0517578 -420.338012695
-16999.1054688 -8095.17578125 -442.498840332
-24776.140625 3379.10253906 -406.174682617
-27458.03125 11350.1503906 -379.906860352
-24792.4140625 9862.60253906 -443.062988281
-16598.2441406 -11823.3222656 -370.290710449
-23110.71875 -11722.4570312 -392.50390625
-16513.7050781 11843.0166016 -421.767883301
-14514.3193359 -1137.36047363 -411.289794922
-19620.0175781 -1173.90100098 -408.063598633
-19353.71875 5984.20166016 -394.312103271
-21058.2480469 11027.8515625 -397.442749023
-15512.0761719 2988.05688477 -403.583129883
-19545.4179688 12343.6367188 -397.697875977
-16113.7158203 -2733.28955078 -384.100708008
-16153.3496094 8972.44433594 -405.501068115
-9182.64941406 4877.34179688 -406.545654297
-20638.6972656 -2056.16015625 -398.446472168
-23957.9804688 1211.96508789 -387.944824219
-19023.6835938 -4526.66650391 -397.198455811
-13872.5166016 -9316.58007812 -381.511352539
-15007.4316406 10095.1884766 -396.997558594
-8443.26269531 10009.4179688 -361.089050293
-22340.6152344 -3845.48291016 -415.96963501
-15209.2138672 6555.44287109 -410.400238037
-18329.3652344 6869.15722656 -421.758026123
-27435.2285156 -2158.3034668 -408.205688477
-11660.5361328 -2711.29272461 -378.961669922
-12278.6416016 4366.65478516 -416.053955078
-25171.1699219 -6777.13525391 -385.12600708
-27652.6269531 4590.27441406 -379.174804688
-25158.1914062 7073.25585938 -377.453796387
-22063.4941406 3351.20019531 -411.740325928
-21005.40625 -12368.2666016 -363.34753418
-11294.9277344 7043.63525391 -440.789001465
-14022.2832031 11288.5 -369.013000488
-19653.9550781 -10890.9355469 -397.477600098
-12553.6679688 9635.34179688 -423.280761719
-24478.3339844 -11158.7177734 -435.639099121
-15897.5097656 -14046.9550781 -400.741333008
-23376.0253906 11758.1992188 -403.460906982
-18021.0019531 3869.23608398 -387.396636963
-24186.1308594 4755.50097656 -407.529388428
-27586.6816406 7328.34082031 -455.645111084
-23189.4765625 -6703.56542969 -362.853790283
-25251.2382812 13326.4082031 -386.579956055
-27152.6367188 -5345.54541016 -376.95892334
-10489.8251953 1103.62609863 -418.074737549
-23454.4609375 -1319.71618652 -395.272491455
-18279.0410156 -1956.95373535 -353.282012939
-27725.6367188 1147.50366211 -391.712188721
-17822.7421875 10335.9042969 -388.065093994
-21158.7753906 -9193.69628906 -381.656188965
-22111.6328125 6192.81591797 -394.055145264
15728.1064453 16692.3671875 -416.278259277
8012.45898438 16907.03125 -369.582183838
10894.7529297 -633.362976074 -409.986053467
29230.4882812 16316.7011719 -404.392974854
33088.3125 16209.3681641 -394.568908691
14843.8359375 2445.44995117 -419.136230469
18618.4941406 8791.41992188 -392.114379883
17657.0195312 16638.6992188 -415.825256348
10788.1767578 5712.94433594 -395.38168335
11102.0332031 940.438964844 -400.361022949
15145.7148438 8772.2265625 -440.211425781
25372.6640625 16424.0351562 -413.622711182
27301.578125 16370.3681641 -399.576324463
10986.1660156 13589.6376953 -393.380432129
9941.37109375 16853.3632812 -424.410339355
23443.7539062 16477.7011719 -405.766174316
31159.4023438 16263.0351562 -428.549804688
11432.5322266 2510.56665039 -399.210235596
22936.9121094 14935.5595703 -403.118591309
4154.63476562 17014.3632812 -397.26776123
6083.546875 16960.6972656 -425.829437256
6505.50585938 -2110.91699219 -406.103240967
14775.0078125 10398.6855469 -391.64654541
8789.86621094 13790.2138672 -387.372558594
18657.3144531 7201.48828125 -414.064300537
13799.1943359 16746.03125 -426.406860352
11870.2832031 16799.6992188 -407.560852051
21514.8417969 16531.3671875 -410.945281982
19585.9296875 16585.0351562 -433.605194092
18639.9335938 5864.29638672 -372.727813721
18401.0957031 15230.0703125 -413.2159729
-6683.70605469 -1842.43200684 -365.304321289
-7369.6640625 3022.45263672 -387.640655518
-5483.19335938 6848.58544922 -409.758483887
-7560.98486328 -2625.48217773 -427.876037598
-8650.27246094 2324.85400391 -385.639526367
-6287.18652344 9137.08007812 -397.390777588
-13186.9755859 -11619.8925781 -371.540008545
-4860.87890625 4361.39453125 -407.639221191
-6192.63232422 950.436218262 -403.396362305
-11542.7333984 -10686.6005859 -451.890228271
-5070.03125 -3850.13500977 -406.114044189
-11721.8193359 -7538.29638672 -375.764526367
-7793.19873047 -5409.46582031 -365.730438232
-10334.1826172 -7164.69189453 -358.714233398
-9230.1953125 -6210.77050781 -431.8671875
-3834.55175781 -3179.26293945 -411.476135254
-8230.09960938 -8474.234375 -368.429931641
-3945.84594727 -8818.95703125 -393.593353271
-5190.68798828 -6897.52685547 -381.575378418
-4278.02050781 -967.266296387 -394.990509033
-9439.59082031 -855.586608887 -429.878479004
-8251.48144531 -130.545608521 -409.66217041
-2549.77001953 -5720.41601562 -392.012695312
-9556.40332031 -9281.62597656 -420.739379883
-7076.69042969 -10667.3017578 -408.852355957
-9712.97460938 -3819.08764648 -396.553894043
-10832.0341797 -4684.85888672 -414.629852295
19927.546875 -17610.2792969 -392.790771484
21835.5507812 -16143.0722656 -422.682006836
20306.3339844 -15651.6240234 -416.629211426
36638.5390625 -13384.5742188 -430.125091553
31964.8925781 -12065.1923828 -406.281311035
36540.2304688 -3276.87841797 -409.139526367
36415.5234375 -7795.96826172 -380.397247314
36781.6757812 -11294.1933594 -399.239196777
36772.6875 -4499.99658203 -425.86807251
32295.7050781 -8545.78515625 -382.340881348
37249.46875 -8970.33789062 -409.474029541
22881.8652344 -17330.2636719 -444.275787354
24683.3632812 -15837.2490234 -387.898834229
21498.2617188 -14221.6806641 -388.391784668
25803.6796875 -14758.4482422 -401.299194336
24360.875 -12626.890625 -400.696502686
28857.0410156 -17126.6503906 -432.226745605
30359.9453125 -15750.9628906 -399.9972229
32004.6445312 -14744.2216797 -382.204559326
29087.3046875 -12370.5019531 -373.662811279
16702.1464844 -18129.1757812 -404.343414307
29405.9570312 -10536.7470703 -384.77355957
33574.8164062 -8946.20117188 -400.697906494
34571.0742188 -16661.2363281 -429.033966064
28291.0019531 -15367.0273438 -400.453796387
-26260.75 -11447.5136719 -381.707672119
-23392.9179688 -13844.9257812 -403.833618164
-24826.8359375 -12646.2207031 -405.676574707
-27694.6679688 -10248.8085938 -373.037719727
-18037.5957031 -14970.390625 -447.66506958
-16182.2490234 -15180.8339844 -416.138000488
-21748.2890625 -14549.5019531 -403.080596924
-19892.9414062 -14759.9453125 -438.408416748
-23776.4746094 -12327.4267578 -387.305236816
2674.79150391 -12696.1992188 -404.634124756
29080.4648438 -15954.3300781 -390.138519287
-3786.22875977 -7541.30126953 -375.64630127
