-28406.9980469 16679.7109375 49.9149932861
-6358.734375 12143.9404297 28.3184700012
3190.17919922 17041.1972656 64.2007446289
34052.7695312 16182.5351562 80.0932006836
39266.734375 -1066.66870117 6.14241790771
38464.609375 -17334.7128906 26.2403964996
14609.9355469 -19519.2558594 52.7911186218
1009.74829102 -16242.5917969 21.9637145996
3721.09594727 -8468.71972656 47.3738059998
-1820.30554199 -7692.83496094 35.7437973022
-5878.57275391 -14467.3847656 39.7370223999
-15254.5761719 -15286.0566406 57.7438812256
-22675.9609375 -14444.2792969 76.7056121826
-28411.625 -9649.45507812 7.60300064087
-32877.5898438 -7611.07421875 18.0133991241
-36896.8007812 -10789.8203125 25.7959594727
-41184.1992188 -1243.45996094 55.8787231445
-40551.8007812 10845.2373047 53.317653656
18917.5820312 3751.73583984 81.6054000854
-16883.5097656 1212.89709473 55.4392318726
18621.4746094 16611.8671875 30.4067974091
27290.0214844 -10365.9189453 25.8651733398
-10768.1591797 -1445.1060791 23.2525100708
-28576.8847656 3478.43774414 34.4240074158
3225.85888672 3999.65625 44.3274154663
-31003.2382812 4313.91796875 23.9844436646
26537.2734375 -18426.984375 24.9301319122
-1475.99572754 2016.51013184 57.0076713562
-17382.8671875 14411.8261719 72.1777572632
29182.7871094 1407.2755127 44.4437141418
10571.8144531 10348.796875 24.1990032196
-4163.03955078 2279.31811523 42.9561920166
-36580.0351562 1774.9329834 82.8203125
11268.8193359 -2029.7520752 17.3699378967
-22852.109375 8956.66796875 94.1259613037
12917.7314453 -7357.41162109 27.0292282104
30361.0039062 -3205.59301758 7.08318328857
36659.75 7557.93310547 87.9038314819
-16454.9511719 -6925.19238281 51.7127990723
38865.671875 -9200.69042969 42.769985199
18518.4980469 -12298.7285156 61.9279975891
31526.3476562 8841.20996094 45.0780258179
11151.6191406 4093.91479492 35.4272422791
26337.1210938 16397.2011719 51.6537895203
10905.8271484 16826.53125 18.7966346741
-8560.16015625 -11408.6835938 23.9504451752
33333.7421875 -5553.06201172 91.6094665527
21215.8359375 -14955.6474609 60.6110458374
-12874.6689453 -8359.97949219 56.77891922
-7989.27978516 5412.87744141 59.6437339783
-22383.1464844 -12809.6513672 60.2415466309
7809.84179688 -17880.9238281 28.8800182343
32721.0410156 -13754.2099609 34.5361099243
-34479.3984375 13762.4746094 17.0114631653
-17357.5722656 7800.13476562 71.1385269165
-28444.9492188 -3125.48242188 78.3081054688
-28360.8300781 10009.1835938 40.3680801392
3340.64746094 -2176.67773438 48.3667984009
3146.23852539 10729.7421875 28.0690917969
-1427.28393555 8249.00878906 41.21509552
-22921.9960938 -8455.40234375 48.3724517822
-29873.5996094 10473.8183594 38.2704620361
-31814.1464844 -1459.4954834 48.1040611267
-40868.0 4800.88867188 28.3844718933
-30764.5585938 -2229.90209961 65.7937927246
20573.6054688 -18973.1210938 41.6822814941
32500.9414062 -17880.8476562 43.0017585754
-35645.2226562 7685.41845703 66.6368942261
1261.28601074 -3239.08569336 46.0167694092
-4097.10839844 7324.56738281 48.2889633179
-23027.484375 2295.27734375 76.1140441895
-11870.8007812 13277.8828125 58.3647232056
-22894.9335938 15545.7685547 62.3152236938
-6313.48046875 -4631.94628906 19.7856178284
-1584.27758789 14592.5683594 59.8993301392
16558.9609375 -3070.28491211 24.2778186798
33981.1328125 53.5382957458 31.6874866486
-36892.59375 -4464.28466797 56.837688446
-39040.5 -6016.64013672 49.039768219
22733.859375 13303.4423828 36.5966262817
14987.7802734 7159.83154297 86.3538665771
7331.66699219 14036.4638672 52.6046638489
7413.71533203 965.952880859 16.8079795837
-2725.08081055 -2942.05004883 6.41739273071
-38801.171875 6231.59277344 75.681427002
-34662.5625 -2910.46240234 58.6149330139
-32686.375 9109.22363281 45.5258712769
-1384.90124512 11431.6210938 52.604927063
7551.79150391 7385.1015625 57.7208747864
14511.3945312 13507.0957031 24.7938632965
7497.2265625 -5209.02587891 45.9508056641
14975.203125 1055.71472168 45.6854286194
30272.6308594 13294.4628906 77.6748809814
25181.3515625 -1851.20117188 60.1126785278
32894.09375 3983.98852539 61.2961273193
-1458.64794922 -2992.7980957 53.3805236816
-20186.8203125 5001.10009766 68.4479217529
-25671.828125 -369.168457031 32.8913650513
-10566.5742188 -14876.7207031 40.3046417236
16939.2480469 -5693.54638672 37.2879562378
8268.48046875 -7854.86474609 46.1524505615
26104.5644531 -4028.27294922 -4.60256958008
27708.4140625 5789.15576172 63.2632255554
20265.8671875 -379.89743042 53.0841369629
37963.2421875 3245.63232422 63.5702018738
35356.2578125 11870.234375 40.2768249512
5177.10498047 -14826.2001953 63.3286972046
-11458.6367188 2262.66967773 26.7269668579
-17304.546875 -3240.33056641 49.5725212097
-15756.5625 -11017.5078125 5.78242492676
2365.42211914 -12355.65625 65.4183502197
26957.1289062 -14065.5556641 62.8555679321
38665.140625 -13267.7011719 -27.6001205444
39066.203125 -5133.6796875 68.2083129883
10837.8046875 -10759.6992188 77.5275802612
19622.5371094 -8339.90136719 88.9993209839
28734.6289062 -6447.44482422 43.7490463257
-3849.43920898 -11080.109375 31.2738246918
17559.6230469 59.6671943665 75.1592712402
25048.4101562 5966.76074219 82.9233856201
30288.1113281 5193.42773438 49.0559082031
22758.9824219 -741.69744873 60.772857666
11933.3564453 -17378.8691406 60.445274353
24215.7929688 -7216.96484375 34.1376953125
-19341.2480469 -9509.41015625 63.4280700684
-20152.3066406 11302.0585938 73.1342697144
-13849.8212891 -4171.20117188 30.0482387543
-26372.4179688 6459.72558594 79.7520446777
-14672.1630859 3960.62939453 84.9444885254
22203.1933594 10097.8417969 26.7683563232
6854.42675781 10491.8925781 41.1693153381
7650.45751953 -2206.828125 62.9194145203
7279.32714844 4306.02197266 26.7676944733
14668.2177734 3996.50512695 46.7247428894
30194.9453125 16289.8681641 23.2861938477
22479.296875 16504.5351562 68.6172332764
7048.00292969 16933.8632812 71.3489761353
14763.6503906 16719.1992188 34.8028907776
-7229.28564453 439.524078369 25.1038551331
-4793.67285156 -9710.70410156 35.5912437439
-11820.5263672 -13589.2167969 66.5213470459
17593.5585938 -17732.7695312 62.2436065674
35196.6445312 -11179.0439453 50.3947029114
30056.71875 -16867.0136719 27.2572040558
-25543.7929688 -12046.8671875 27.1134147644
-18965.2695312 -14865.1679688 47.6879348755
-14267.5791016 -11815.0605469 39.0704727173
-12065.4707031 -4891.47265625 80.8968505859
-9899.63085938 2122.97607422 68.021522522
-7696.36279297 8861.06347656 51.4725074768
-5455.68652344 -1335.48217773 36.1660461426
-6762.38574219 -7715.57470703 94.2253723145
-14590.4833984 -110.595535278 45.9903907776
-18844.4648438 -5741.01855469 4.26893234253
4409.79492188 -17061.7578125 41.4513397217
11209.8886719 -18700.0898438 52.5804519653
3976.75708008 -11659.6494141 62.8508911133
29780.8203125 -11802.5527344 52.6890411377
35337.28125 -15718.2011719 35.9029846191
35253.9414062 -7448.22607422 45.3968048096
24114.7128906 -17205.9824219 35.5028877258
-33648.390625 3096.24755859 83.9625091553
-31443.1992188 15221.0927734 39.8591575623
-37515.6015625 12303.8554688 18.0323238373
-17616.5566406 11692.1582031 45.5810775757
-17139.2675781 4941.39550781 53.5931930542
-22337.8496094 -382.909332275 5.94395446777
-22335.8105469 12777.0175781 79.569770813
-28363.8945312 379.339477539 39.8554496765
-28259.4257812 -6458.26123047 38.4867134094
-28014.1269531 13851.4541016 59.7078437805
-28549.2167969 6757.39501953 69.6675643921
-23183.7421875 5347.89794922 65.4304962158
-11359.9931641 10387.9912109 25.2071495056
8498.92871094 -10734.3779297 56.013130188
22178.6484375 -7611.23925781 69.6938476562
13110.1142578 -10446.4267578 60.2000808716
13578.5048828 -15820.1611328 12.7771606445
26336.7324219 -6996.34082031 102.199295044
18647.0039062 13555.9345703 67.998046875
3393.91772461 -5040.84423828 23.6189842224
3395.72045898 997.268249512 24.9357948303
3185.43823242 7451.19677734 44.0513000488
3145.14794922 13933.9277344 3.22261047363
-1374.03125 5079.88134766 54.7750816345
26433.6113281 13390.0849609 69.2682876587
-30693.1796875 -5436.01904297 83.5061569214
-36903.8359375 -7535.61230469 4.3217124939
1023.96252441 6222.93652344 92.2466506958
-3945.21850586 10268.078125 19.3719139099
1140.98999023 -21.65026474 38.9328651428
901.39855957 12457.8974609 48.0819358826
-18825.7167969 -11944.9755859 3.56256866455
-13533.4208984 -1882.52758789 51.2773857117
-19692.03125 -7638.38183594 62.712348938
-25863.3984375 -9355.91113281 38.5447845459
-14330.1289062 2014.70263672 65.8467025757
-20064.8339844 -3549.98583984 53.7288780212
-35197.203125 10636.4599609 42.6987419128
-30584.5878906 8054.56835938 81.5767745972
-29517.2578125 13598.8525391 71.9247589111
-32936.265625 -4721.29541016 53.5528526306
-31187.3652344 1544.57568359 58.4766273499
-36029.8125 4780.27587891 20.0093917847
-29975.1308594 799.828552246 42.5055465698
-36882.390625 -1364.35180664 48.8057441711
-40709.8984375 7823.06298828 77.7061843872
-41026.1015625 1778.71435547 37.568271637
-31861.1015625 -4716.37158203 66.9552307129
-29603.8320312 7532.47363281 78.4010314941
17591.7695312 -19246.1875 9.55774307251
23555.4394531 -18700.0527344 14.167930603
24115.0742188 -14636.5029297 70.3304901123
35226.4921875 -13918.6328125 5.92987060547
36140.90625 -5264.51904297 32.3797683716
29519.1074219 -18153.9160156 26.5379486084
35482.7734375 -17607.78125 28.4121513367
36089.6015625 -9247.87402344 63.9465789795
29752.9980469 -14133.6699219 -2.74907302856
-32190.6914062 12101.7949219 44.9230308533
-33120.2109375 6120.07275391 20.8943252563
-38054.6835938 9277.61914062 65.7384796143
-34189.7421875 124.525283813 90.1231689453
2555.86376953 -5978.66601562 37.0130081177
8.07931804657 -640.602111816 20.4579238892
-5090.59765625 9658.41113281 58.4419250488
-2485.76831055 4318.76318359 73.9273452759
-14201.3173828 7479.44921875 26.1833782196
-25133.2617188 -3490.75439453 71.9597320557
-26107.4570312 9344.96191406 43.5222320557
-26011.6816406 2644.41308594 48.1443061829
-19794.8945312 2140.05981445 5.48187637329
-9114.76757812 12710.9121094 53.9911994934
-14626.8339844 13844.8544922 0.911312103271
-19844.5292969 8676.49707031 61.2289657593
-20138.9003906 14978.796875 74.3898468018
-25650.9648438 16112.7402344 48.6048583984
950.395202637 -8080.77734375 43.8843765259
-6245.12890625 3889.46557617 43.2606697083
-8642.06542969 -3164.06225586 8.09815597534
-3901.78271484 -5978.89648438 16.3757667542
-10736.5869141 -9727.28808594 -4.19919967651
1039.28137207 3032.15112305 34.7795715332
-3971.50585938 13368.2539062 71.1972961426
802.950805664 15816.8828125 89.776802063
1046.51708984 9434.50097656 37.7460861206
-289.621337891 -5482.76269531 78.5618286133
-39014.5195312 248.25843811 40.8064498901
10035.9501953 -6052.95556641 80.4774475098
13918.0390625 -2816.5300293 72.9859619141
18794.2890625 -4209.87304688 70.6258392334
31722.4550781 170.923294067 83.0514221191
-35037.4921875 -6083.46679688 83.3672790527
-39229.4882812 -3032.39477539 45.6791038513
-38860.1015625 3119.50927734 49.9327468872
-40112.3515625 -3630.05004883 37.6122779846
-37968.6484375 -8403.23046875 51.770816803
21073.7988281 8834.74316406 24.0672836304
12798.9785156 2293.4453125 32.5870628357
28555.4101562 14997.0380859 69.2998962402
24893.796875 11653.4755859 50.358581543
20581.4863281 14996.2226562 35.8248519897
4964.41113281 9054.59472656 45.0901260376
5623.78662109 -3631.79394531 85.0544586182
12623.4658203 8875.44628906 71.1100311279
16865.3710938 5327.8359375 -4.85394668579
8737.01269531 12109.9482422 71.805229187
5103.50732422 15504.4521484 52.4613609314
9477.37011719 -693.545166016 41.8723144531
5713.67578125 2650.81762695 21.6976890564
9439.43945312 5365.86669922 34.3742141724
12505.1025391 15566.0166016 63.6559257507
17155.3789062 11818.8535156 65.3728942871
-34887.1953125 -9200.44726562 54.2598114014
-3569.12084961 -9.39997768402 37.7360038757
-12638.6494141 -10791.4804688 39.6734619141
-34558.8007812 5414.52197266 42.1241950989
-30749.3476562 12743.0205078 47.2415084839
-36721.1679688 9904.63964844 30.9818630219
-39604.8046875 8901.68457031 73.7001190186
-37416.9375 4072.70703125 65.1096572876
-33707.5390625 11365.3974609 53.0735015869
-35613.8398438 -606.984741211 28.3234596252
-33968.3164062 -5306.06835938 52.5275840759
-31728.2285156 6764.71582031 51.3782958984
-32702.8066406 804.151489258 58.1987609863
-30644.6074219 -8630.26464844 60.5297546387
954.731689453 4509.29394531 -1.80443572998
753.599365234 14072.1435547 71.8313217163
1045.72717285 1621.77209473 85.8760604858
898.643615723 7912.86621094 77.0882415771
-3916.765625 11782.2207031 40.9375305176
876.088562012 10960.6640625 24.5929355621
20632.3574219 11915.0400391 88.6829528809
25712.6992188 3728.65258789 67.1968688965
32185.8203125 -1259.28771973 46.6530189514
12972.0605469 5828.61328125 39.9995193481
5186.03027344 12319.6230469 53.5225028992
9673.15722656 8962.24609375 30.8472042084
5042.63525391 5873.17089844 28.3042850494
12765.1201172 11917.7216797 30.3712005615
16961.1152344 15108.5605469 76.15599823
5510.87158203 -6982.22509766 51.3001670837
9304.94042969 -3711.44116211 51.5272483826
13155.0556641 -464.337585449 36.7701339722
16965.4414062 2461.47851562 43.0582885742
5079.01660156 -456.052307129 69.0178070068
20860.9941406 5456.78710938 49.4854507446
24153.1445312 8573.34179688 74.0626449585
32452.2539062 15017.5029297 51.1228561401
28558.5058594 11883.5322266 37.5548019409
27145.0683594 312.048187256 28.9938201904
23155.9609375 -3241.04492188 46.4552230835
14288.7089844 -5453.5859375 23.5913276672
9214.04199219 2496.83276367 52.1127700806
16581.6914062 8730.10644531 75.131149292
9313.90820312 15467.5332031 56.869720459
31098.9140625 2758.34985352 32.2195129395
36172.1367188 1415.93945312 45.938949585
33900.5507812 10336.5849609 39.2305831909
24263.0039062 15106.9863281 64.5050430298
-2305.00024414 -400.397979736 45.5093078613
-1186.19616699 -502.261199951 81.4764404297
-1497.28503418 -5283.65039062 62.5817298889
-3748.13061523 4754.30517578 23.6627998352
-26307.3417969 7895.75048828 47.9720726013
-18673.78125 2734.90942383 46.2883644104
-21553.6054688 7306.41357422 64.8212585449
-26629.8125 1504.90966797 16.6672401428
-24402.2539062 -2391.17529297 60.3579750061
-15751.3271484 12804.1083984 22.0183067322
-13324.2490234 8573.93847656 70.9096069336
-21293.5585938 13845.6699219 35.8663368225
-19066.6347656 9926.98925781 37.0464439392
-21378.734375 589.650695801 36.2939529419
-15886.1103516 5571.18457031 44.0924301147
-10275.8779297 11589.40625 36.5683746338
-24371.953125 11026.9609375 51.1711845398
-26874.7109375 14999.3134766 47.6009178162
-12910.5751953 -15081.3886719 68.7733764648
-8222.57324219 -14672.0527344 49.2399864197
-5915.36914062 -11845.9716797 36.3282928467
303.692108154 -6754.94677734 26.0093212128
-30628.2460938 -6970.67333984 36.8124542236
18219.9785156 -15216.046875 61.4315986633
19239.3671875 -5337.35498047 27.6487178802
15077.0546875 -6853.48193359 59.6913108826
6073.10009766 -8465.59863281 68.2078399658
10599.0947266 -7468.67333984 48.8123283386
20446.953125 -11983.7451172 30.0710735321
24479.8105469 -10186.9257812 14.0882492065
37413.4921875 -1512.5559082 49.7105178833
32419.34375 -2541.21923828 75.3381500244
15583.109375 -12041.4990234 39.7626571655
30962.8007812 -5821.70214844 53.6937942505
11445.6445312 -13549.2167969 67.6979293823
28204.8496094 -3413.3359375 48.1941566467
23619.5898438 -4443.73730469 101.342773438
28286.1230469 2972.13330078 86.229133606
27112.8886719 8217.71679688 44.2019271851
31013.3300781 11307.3056641 29.4243087769
12118.7236328 -4356.99121094 83.0659179688
20764.0507812 -3020.0690918 52.0151748657
19582.8378906 1700.58422852 64.747833252
38614.9882812 1089.48181152 -0.0129623413086
37311.4960938 5401.78271484 42.1329269409
29768.6367188 -1106.50341797 50.0831260681
23237.3652344 4393.57080078 50.2967224121
36008.0039062 9714.08398438 49.5787811279
34704.515625 14026.3847656 55.624961853
-39717.0390625 1734.80151367 67.1084289551
-39184.1875 -1512.06970215 81.7601699829
9716.19238281 -16546.1699219 23.5246601105
2465.10058594 -15476.6289062 63.9488334656
-14100.1367188 -5991.39990234 44.9190788269
-11224.1933594 4864.84521484 38.755569458
-11511.4248047 876.196838379 42.4404373169
-17491.171875 -764.426574707 8.03193283081
-22592.703125 -5910.94189453 39.3225250244
-16082.5888672 -9577.9765625 32.1837539673
-15282.2294922 -12710.2226562 72.7348937988
-21755.0722656 -10400.7783203 55.5004577637
6423.64550781 -12860.9316406 69.4883575439
3043.2590332 -10412.1875 40.4024200439
1687.58520508 -14299.1240234 68.1343460083
8869.94433594 -15669.6015625 69.6357269287
-35269.2304688 -7680.54101562 68.0468444824
32829.5195312 -11649.0634766 24.5856876373
20841.7988281 -17238.1660156 73.852935791
26791.1855469 -17013.8984375 22.4441699982
26969.6933594 -12814.5751953 0.129920959473
38564.875 -15301.2070312 82.5916061401
38765.40625 -11234.1953125 56.1346893311
38965.9375 -7167.18505859 51.6904602051
39166.46875 -3100.17431641 50.515460968
32412.1640625 -16001.9853516 -5.18496704102
34340.1484375 -3618.30810547 18.1373004913
10191.9541016 -11835.515625 48.0635719299
11668.7333984 -8371.1796875 46.3088760376
17177.3515625 -14133.8427734 45.5230484009
15534.6279297 -17732.0761719 70.5568771362
14383.8369141 -11127.4472656 43.483757019
16106.3730469 -7682.3515625 49.5200920105
19193.1992188 -9863.02734375 46.3864974976
12574.3027344 -15707.1933594 45.8682899475
28131.75 -8003.87890625 25.4446144104
-4864.00585938 -12773.7470703 53.7366981506
-2834.87231445 -9386.47265625 51.7216339111
29684.0722656 10952.9501953 34.2560577393
17001.7050781 -2073.79467773 33.2943496704
25601.8203125 8156.05810547 39.2229690552
24493.6972656 4762.34521484 68.7363967896
32141.6855469 10541.6289062 55.6029663086
13413.4033203 -4594.78564453 11.7998847961
25997.1933594 376.370300293 51.2522697449
30983.9824219 -795.108154297 47.5922164917
37333.8164062 1296.2512207 51.2779006958
23146.8671875 782.990844727 82.9564819336
19320.0703125 -2344.89672852 40.234500885
22261.8554688 5162.23535156 62.925983429
27111.4589844 3742.63989258 57.1749801636
29801.3144531 2767.23925781 60.7004394531
20872.2304688 1690.01635742 55.7727203369
28506.4765625 7607.2109375 67.5550460815
34846.03125 1818.91833496 87.3125076294
36136.0585938 5304.38525391 24.8090019226
33886.6367188 6421.61914062 28.8133563995
5085.32275391 -9613.39453125 70.0974807739
15192.8779297 -14141.4414062 51.2177238464
20683.6269531 -9214.69433594 46.099861145
10519.6914062 -15847.1396484 41.7650756836
16476.6757812 -10753.9472656 66.8037872314
14002.9726562 -7972.78466797 62.5887985229
25539.9746094 -9145.78808594 15.9659690857
12031.5947266 -11126.5273438 39.7626800537
3219.37402344 -12964.5400391 28.5246734619
27109.7363281 -5090.95751953 82.2259063721
-17701.1386719 -11915.4013672 41.060218811
-10241.4384766 4414.49707031 41.7466506958
-14949.6357422 -9055.36035156 39.7796516418
-20815.8886719 -11172.1337891 67.9413070679
-18431.296875 -8442.16601562 39.7337341309
-18480.921875 13137.7900391 63.4320755005
-14881.3789062 -5069.83544922 114.171432495
-12828.7080078 -2972.78369141 25.2821807861
-21519.2421875 -2885.73461914 70.907699585
-18624.7070312 -313.655914307 34.3030853271
-13071.7871094 5320.94042969 34.8917961121
-21862.9628906 10073.4990234 35.6581687927
-15813.1162109 -1565.41589355 11.126209259
-12919.5507812 1055.21044922 38.5086708069
-20916.4785156 -7076.26708984 64.8681869507
-26536.4785156 -1206.54174805 50.1214866638
-24017.1425781 -5845.57910156 43.8374290466
-23888.3183594 7780.64404297 58.4715270996
-26478.1132812 5086.10839844 55.6875343323
-7570.72216797 11082.4169922 43.198059082
-10494.4169922 8198.640625 45.5042495728
-27084.1132812 -8373.05664062 72.085319519
-21017.125 4068.50195312 24.2452259064
-12975.4873047 12228.1835938 63.4623298645
-23742.359375 -9583.1484375 39.5353317261
-24096.6875 14400.0068359 17.976398468
16755.4042969 13445.4326172 37.1090698242
20770.4140625 7070.75439453 20.0545539856
13045.4199219 910.87902832 59.8551025391
12907.40625 7312.57910156 66.8761291504
13089.4394531 13355.9052734 31.3094081879
20662.2792969 13447.1582031 46.4827842712
5165.08984375 13903.0810547 78.9501419067
5264.81591797 7474.02441406 20.1440162659
20766.5546875 10329.9453125 14.5755653381
24601.0390625 10269.4414062 24.2890892029
5368.39404297 10685.3632812 70.4017868042
9191.68359375 10507.8291016 39.6428985596
9258.76464844 975.122741699 61.5547904968
13270.9238281 4358.0703125 56.2295303345
32123.8574219 16236.2011719 40.3122673035
28266.0332031 16343.5351562 36.7796020508
5389.75097656 1079.68225098 60.9148635864
5431.83837891 -2079.44458008 50.3561630249
8960.38671875 -2348.87890625 45.9477119446
8976.91503906 16880.1972656 74.820854187
5119.09082031 16987.53125 72.2037811279
9107.06054688 7477.90625 17.5780410767
5414.96923828 -5420.25537109 62.6911773682
5386.10693359 4279.86328125 16.67445755
9200.29882812 3978.578125 34.1935348511
12834.7382812 16772.8652344 63.9363174438
16692.5625 16665.5332031 16.4637680054
16844.2753906 6978.44824219 71.3622589111
24408.2089844 16450.8671875 25.8223838806
20550.3867188 16558.2011719 56.4016227722
12778.25 10441.6835938 51.7160072327
16932.9589844 10328.4072266 23.3765716553
24603.5136719 13406.9072266 20.8444366455
-6707.46923828 6309.56494141 81.3633346558
-9713.89355469 -12611.0908203 60.7990722656
-5159.92578125 1618.29309082 40.6882476807
37511.640625 -14195.7958984 44.2155609131
37429.4960938 -6568.88525391 48.5047531128
19237.0722656 -16352.8984375 65.1283950806
31570.2636719 -10791.3457031 30.9209461212
25822.2929688 -15897.6083984 22.1914520264
22776.8066406 -13848.2148438 61.1254920959
25506.1347656 -11221.4785156 28.3827190399
37339.1054688 -10235.7382812 64.0310668945
34026.4921875 -12963.6757812 27.9375858307
31111.7382812 -15140.3857422 23.8270702362
28477.6835938 -9486.59570312 29.978931427
31569.9335938 -7252.28076172 79.4771118164
34445.4335938 -4704.07128906 29.912979126
37837.4335938 -2819.34130859 65.3614959717
28418.4101562 -13329.0244141 45.2460823059
34973.6601562 -8775.40136719 30.4506072998
33498.0664062 -16799.2070312 36.9604225159
-24109.8769531 -13245.5732422 38.0325546265
-26977.7089844 -10848.1611328 65.225479126
-17109.921875 -15075.6123047 64.9331359863
-20820.6152344 -14654.7236328 46.7056732178
-7070.26318359 1724.40258789 20.0082416534
-4650.18945312 -7874.60058594 54.4389266968
-10642.7880859 -8546.6640625 53.2163162231
-3278.40551758 -4522.58984375 57.3275337219
-8265.78710938 -1633.79455566 35.0572967529
-8708.24902344 -4590.38916016 34.1556091309
-5724.83056641 5461.79052734 74.8596954346
-14575.96875 -14121.6513672 69.7869110107
-13603.4199219 -10480.1835938 46.1321220398
-13146.2919922 -6946.16650391 -1.63089752197
-11440.8173828 -3812.34594727 34.9823303223
-9356.70996094 3428.03295898 40.6852111816
-10496.0361328 11.2983589172 39.4227867126
-7760.33886719 6694.26318359 33.2730331421
-7335.77832031 9956.60058594 37.1641159058
-5008.40820312 205.219390869 93.2412872314
-5721.36816406 -2891.6887207 59.272895813
-11107.015625 -12007.9306641 -5.90849685669
-6986.3359375 -6219.44775391 44.7304000854
-8550.18652344 -10044.0078125 6.52423477173
-17163.5957031 -10508.3085938 79.2270889282
-14244.1064453 -7917.79394531 91.463180542
-20006.5019531 -13482.7988281 13.0952606201
-15035.0146484 -3698.20776367 54.4503936768
-13300.1640625 -427.381439209 52.3711433411
-15706.5917969 605.076721191 83.182434082
-21689.8339844 -4946.30175781 48.5083045959
-17394.9648438 -6120.57666016 10.0193634033
-23835.6289062 -7425.53369141 35.2389564514
-12518.9541016 3176.890625 55.3452835083
-10312.9072266 5821.19824219 59.9278335571
2709.77148438 -16652.1757812 46.5903396606
6109.81835938 -17471.3398438 62.3443489075
12909.9121094 -19109.671875 -3.82111740112
9509.86523438 -18290.5078125 51.5070915222
-29924.8242188 2312.11254883 64.7404174805
7908.45214844 -16375.6376953 28.742980957
4903.44091797 -13596.859375 48.757106781
18866.8789062 -17929.3007812 32.6332015991
37366.234375 -12289.4023438 57.0686454773
37859.9609375 -4129.81201172 65.0339126587
28438.1289062 -11169.4130859 47.0836868286
31569.3789062 -13083.4150391 28.0530509949
25507.6445312 -13589.8779297 31.4139900208
30728.0175781 -8238.61621094 92.3014678955
34106.15625 -14492.15625 57.5145263672
36974.3203125 -16291.2558594 74.2760772705
34374.2148438 -6568.80810547 66.1584243774
37789.9804688 -7961.04492188 48.1109199524
34278.3554688 -10098.4160156 28.7174110413
-37155.96875 6883.34375 36.2322845459
-32291.3730469 3758.04516602 27.2923297882
-35997.5 13033.1650391 25.7088069916
-39033.703125 11574.546875 66.6711730957
-34154.375 8396.01855469 30.9573173523
-35083.2734375 2337.32373047 58.8258132935
-31136.0820312 9676.5703125 42.0264892578
-29925.0976562 15950.4023438 69.1656341553
-32961.296875 14491.7832031 14.2118682861
-33206.90625 -2284.70043945 69.1577682495
-20697.6269531 6335.765625 56.4929962158
-25401.0214844 14754.1708984 33.4387207031
-8838.00195312 11333.2460938 88.7898712158
-17103.7851562 13016.7333984 40.1450881958
-17384.4257812 9167.68164062 84.7173461914
-22588.4960938 985.702087402 33.8432922363
-22870.9941406 -2578.67895508 -7.04192352295
-22665.2832031 14145.7167969 50.6708488464
-23266.7988281 10324.0283203 36.3134269714
-28632.7988281 8365.10839844 18.1455135345
-28557.6679688 5126.98242188 66.3311767578
-30617.7734375 -3803.10888672 29.6790008545
-14845.2910156 8698.17675781 32.5773963928
-25507.9453125 940.567626953 74.9333190918
-19877.7128906 411.145599365 59.0009231567
-16926.3085938 6480.60302734 21.9619522095
-17084.1269531 2605.27563477 37.0858764648
-28781.3515625 1808.57922363 47.43983078
-28722.7421875 -1830.6472168 30.4334163666
-28506.8730469 -5150.22607422 61.8874664307
-28447.7363281 -8113.76074219 31.4336833954
-14466.6826172 5176.04443359 25.2167701721
-26013.0449219 -2496.92871094 20.9493408203
-25477.4765625 -5086.22900391 43.9886627197
-28283.9628906 15368.8720703 68.8282470703
-28727.4257812 11399.8427734 10.3259620667
-22534.5 7676.79785156 43.9334754944
-23291.8105469 3797.01757812 40.3829689026
-11621.6367188 11863.5009766 43.612701416
-11712.1748047 8636.60546875 30.5395488739
-25598.0449219 4240.09814453 83.8115921021
-14354.8515625 12549.5986328 87.0735778809
-20399.5546875 9953.19921875 10.4413223267
-19883.3789062 13620.0546875 45.8199920654
-19704.9707031 3720.73632812 58.5156936646
-25523.9316406 10830.4501953 44.7460784912
21222.8964844 -12951.2099609 69.7264785767
18395.0722656 -13726.4423828 28.9963722229
10483.3857422 -9143.38867188 -5.63761138916
15462.6855469 -10966.2480469 72.6596679688
8809.54394531 -9164.57421875 63.6538848877
9037.46191406 -11946.4970703 11.411403656
20603.1679688 -10687.4589844 53.5905227661
21895.9648438 -10318.2490234 46.3642196655
21715.7148438 -6433.06103516 63.2812728882
12959.9091797 -8868.67382812 94.3758239746
13170.1455078 -11857.7158203 88.4138336182
13384.3896484 -14604.0322266 58.9242324829
14608.0283203 -18474.4394531 23.5232944489
19529.0273438 -6879.66748047 10.823677063
24351.6191406 -8658.61621094 60.3981399536
32965.7226562 -4051.23730469 65.03465271
30628.421875 -4490.61279297 20.2063980103
28365.4902344 -5022.29589844 42.3492851257
18405.8535156 -10896.0605469 43.5744476318
17257.6933594 -7083.73925781 18.0150032043
26195.2636719 -5573.96386719 65.0764694214
26301.7421875 -8251.28613281 28.6638851166
15086.8642578 -8419.34082031 53.4394264221
6525.53222656 -9927.10058594 23.2444763184
12100.796875 -14508.046875 57.0311546326
11470.2167969 -12342.0419922 28.8026695251
15893.4882812 -13503.59375 73.0089569092
23955.0625 -5745.22167969 51.9609794617
-8580.14941406 -13085.4716797 20.8813438416
-3871.02636719 8771.0703125 51.1730079651
22694.0175781 8652.59765625 72.1673965454
22614.8222656 11733.0800781 93.9814300537
7260.70996094 11921.3076172 66.8504638672
14944.5976562 5626.71826172 13.4505767822
18562.5917969 12000.28125 30.9097709656
3473.13427734 -3818.05688477 29.4670467377
3651.73095703 -606.955627441 4.36145782471
3410.67871094 2442.04125977 74.8506469727
3182.50561523 12298.2304688 62.0319747925
3135.54199219 15579.9648438 71.3693847656
-1700.8203125 6733.43945312 47.2141456604
-1297.06750488 3531.20483398 73.5771789551
11111.7294922 8917.79589844 58.8973617554
26412.6992188 15051.6123047 21.16822052
26246.5117188 11893.2099609 10.3324432373
805.747741699 -1727.39978027 50.4595985413
7138.984375 2623.82470703 76.495803833
4188.70263672 -6140.06445312 33.0869827271
7278.98974609 -672.512939453 21.2656860352
3557.69750977 5731.52490234 78.1073303223
3498.59643555 9053.09179688 45.0002441406
-1508.58007812 9789.98046875 45.3653030396
7213.91455078 8962.01464844 68.1423187256
10926.5634766 15378.1875 61.038734436
10874.5732422 12045.3535156 45.5014839172
-1615.28540039 13090.5683594 8.94828033447
7286.73828125 5793.65429688 24.8794250488
14669.9189453 15166.2226562 23.8012313843
30011.2363281 14804.8613281 51.7327308655
14769.0703125 11919.9570312 14.3504371643
7141.5078125 15444.4003906 2.08929824829
-29225.6855469 -569.742431641 27.5381984711
-29215.7675781 -3947.08666992 35.5242080688
-31782.1601562 -6466.71240234 88.3704376221
-29579.3300781 -7477.27050781 45.8050231934
-29614.9296875 6006.24804688 56.9617500305
1964.26452637 14753.3974609 80.3164672852
2226.43554688 5117.86328125 30.2655696869
-264.513183594 7163.39941406 35.5423698425
2238.16992188 -1105.2364502 10.8289070129
-257.073455811 822.375244141 56.2657699585
-350.48727417 4320.17382812 -2.49196243286
2150.39672852 8452.01074219 53.2755241394
2190.00878906 2649.48681641 16.5256271362
-2415.90136719 8961.73144531 61.2689971924
-5134.56933594 11196.1357422 40.8234901428
-617.220031738 13941.0068359 75.8500823975
2074.60009766 11707.0058594 79.72240448
2088.90527344 -4477.734375 29.6371574402
-2757.32543945 5576.90478516 69.7747344971
-261.3074646 10289.8232422 45.6040382385
-2773.54443359 12346.1914062 48.8308677673
-16815.4921875 -13196.1357422 30.78515625
-11895.171875 -293.229858398 47.9305877686
-15427.5996094 -494.158630371 29.6655235291
-21172.2050781 -6184.66113281 31.6591911316
-17388.8867188 -9187.33203125 1.32262802124
-23026.7304688 -10481.2919922 47.5090103149
-19833.2265625 -12082.2607422 27.4283885956
-12283.7636719 -1488.67675781 20.4102458954
-14950.9160156 -2389.23364258 76.6366500854
-18169.1015625 -7171.31152344 11.5668182373
-21247.4394531 -8175.19140625 25.8851165771
-14876.2460938 -6679.18505859 55.1764373779
-13516.9921875 4150.07666016 16.9996604919
-9669.17285156 7277.32568359 71.5595245361
-26762.140625 -9750.93554688 32.3355255127
-24421.9277344 -8456.55371094 47.0524864197
-13053.5664062 2264.49365234 67.8668365479
-15791.6533203 1748.07763672 56.0355529785
-18450.1621094 -3403.00830078 34.0049667358
-21013.3867188 -4081.62280273 25.7331256866
-20614.0234375 -9969.94726562 36.2804832458
-38410.1484375 7734.49804688 54.0694465637
-32891.125 7607.30029297 30.5996894836
-33708.8867188 1677.15673828 85.4781646729
-35473.3359375 9133.15136719 61.4539260864
-34883.4179688 12184.4375 25.5705051422
-30527.6777344 -718.119384766 67.8990936279
-29746.9707031 9092.34277344 -14.1714248657
-30432.5664062 6746.26513672 62.6945495605
-31854.6855469 -2999.78564453 54.7797546387
-32770.0078125 -5997.38525391 49.3480796814
-31176.4589844 2958.85229492 72.0252761841
-31479.5019531 65.9113693237 2.99069213867
-35629.9609375 6304.65966797 70.5274353027
-36130.5820312 3279.42333984 -21.1427536011
-31892.4785156 13608.9511719 1.52794265747
-29105.4765625 12569.4580078 28.6741142273
-32485.265625 10570.0195312 47.6239204407
-34345.5664062 -1365.41369629 45.6404647827
-33420.1210938 4596.9921875 50.9401931763
-37770.2890625 10794.5810547 66.482208252
-36968.875 -2931.64013672 77.563117981
-40630.8515625 9334.15039062 12.4269599915
-40788.9492188 6311.97558594 56.1253433228
-40947.0507812 3289.80151367 59.9932174683
-41105.1484375 267.627197266 1.19702911377
-38656.7304688 4665.00683594 17.0653457642
16100.8525391 -19382.7226562 54.0847434998
19082.6875 -19109.6542969 93.8261108398
21895.9082031 -17352.6796875 40.6427497864
27996.7832031 -16469.1621094 52.1284713745
25627.6621094 -12324.9736328 37.6320724487
31319.1171875 -16599.1601562 45.6514549255
25046.3554688 -18563.5195312 59.1974983215
22064.5234375 -18836.5859375 53.1844367981
22481.4589844 -14954.9169922 43.9427490234
25500.1660156 -17096.9101562 46.0084381104
34823.5195312 -5685.25146484 32.188457489
37734.3984375 -5292.87646484 46.7177200317
28028.1914062 -18290.4492188 43.5805206299
31010.0234375 -18017.3828125 84.9069824219
33991.859375 -17744.3144531 71.7513122559
36973.6914062 -17471.2460938 61.9333992004
30833.7207031 -12025.2480469 77.2794494629
31460.25 -9524.42480469 67.2761459351
28307.9941406 -14385.3671875 55.4149017334
31117.1757812 -13893.3212891 56.7343597412
27884.109375 -12215.6113281 62.628162384
34002.109375 -11531.125 46.8380622864
34289.3359375 -7769.84667969 48.7070274353
33867.7070312 -15716.6171875 43.329410553
-34804.2304688 3933.28588867 20.2915973663
-36342.8632812 11479.1513672 31.7429485321
-37588.8632812 5362.89941406 62.957118988
-30575.3828125 14322.4160156 29.4308547974
-31118.1328125 11240.0898438 62.0975265503
-33395.328125 12899.3291016 62.3533706665
-32112.5390625 5204.73535156 26.7631645203
-34267.34375 6971.42773438 54.4523696899
-36980.3359375 8412.03222656 -0.175785064697
-32933.4921875 -680.628112793 44.8778800964
-35678.4375 754.741699219 25.9151096344
-31767.90625 8298.78613281 57.9653968811
-33983.1992188 9874.53125 36.5794410706
-32454.6582031 2294.23120117 90.6088943481
-33909.2382812 -3882.23706055 44.4499969482
-882.499267578 -4198.46923828 68.3913421631
3068.56640625 -7154.69775391 15.5967712402
-2354.81274414 3129.67749023 76.600982666
-26846.546875 12768.015625 38.1856307983
-16530.5585938 10448.625 30.5204219818
-15709.8994141 4458.15966797 30.2781410217
-22027.3554688 -1635.02380371 63.7434387207
-22149.8261719 11397.5791016 60.403465271
-24096.7207031 6138.87353516 30.4673023224
-10491.1943359 9246.86425781 49.9330825806
-21251.1796875 5340.38671875 53.8338050842
-24547.0625 -140.02003479 33.4296264648
-26757.1757812 -6888.40429688 38.2954711914
-26917.2578125 121.696800232 65.9219512939
-13624.1708984 10300.7832031 61.8323326111
-15916.2412109 7649.62988281 21.1810646057
-12803.0957031 6562.72607422 44.0643539429
-27162.3535156 -3178.19042969 7.6478767395
-24322.875 -4535.03662109 75.157585144
-26905.3164062 10320.2216797 56.8214302063
-24002.3808594 9134.95117188 22.5467853546
-26912.5800781 3654.19189453 76.2752990723
-23994.34375 2585.97167969 60.1864089966
-21744.4570312 1905.5255127 60.3212966919
-18830.9726562 1141.47900391 29.4403553009
-7736.75097656 12427.4257812 44.0667457581
-10492.7841797 12994.3974609 44.6436004639
-13248.8173828 13561.3691406 72.1423492432
-18504.2089844 8040.16552734 45.7520484924
-21420.1855469 8712.00488281 70.941078186
-18760.8828125 14695.3115234 60.2438430786
-21516.9179688 15262.2832031 25.942193985
-18779.1386719 4848.41650391 51.3823623657
-18664.234375 11491.6005859 22.5695724487
-16004.8505859 14128.3398438 31.316734314
-24272.9492188 15829.2539062 52.3037567139
-27028.9804688 16396.2265625 38.4349441528
-24783.5605469 12036.78125 45.091545105
-73.5359649658 -3065.40991211 -9.28837585449
-2942.3996582 2159.34619141 13.4170761108
-434.955169678 -7886.80615234 66.9738006592
2335.74560547 -8274.74804688 49.58959198
1079.9119873 -5617.73291016 46.4203109741
-6658.79394531 7785.73730469 60.4457473755
-13012.953125 -12939.3242188 45.3455200195
-5085.91357422 3004.89575195 67.4345703125
-7328.48730469 4241.08056641 71.9447860718
-9237.12792969 835.452087402 29.3136539459
-6171.02246094 -437.025970459 48.3461837769
-6183.57177734 -9335.72460938 45.3623275757
-5151.92333984 -5359.20458984 53.7206039429
-2651.1105957 -6961.33935547 32.6521568298
-4509.30566406 -2246.47631836 43.4018630981
-9596.3515625 -2217.40917969 69.9920883179
-7592.70751953 -4050.59350586 56.9879760742
-8097.56591797 -6973.61572266 60.2074394226
-10755.4394531 -6162.90087891 87.7586212158
-11793.2617188 -9027.46972656 4.90655899048
-10006.0605469 -10805.5585938 36.8643722534
2027.54528809 13198.5048828 24.0112533569
-2693.82788086 7756.71289062 83.5184936523
1996.56494141 16429.0390625 40.1260490417
-390.663391113 15204.7255859 30.0065765381
2516.68481445 100.422241211 53.6370162964
-197.301696777 2277.05932617 41.1108436584
2023.14123535 3877.14208984 34.2918510437
1941.96899414 7248.79980469 71.4606170654
8.75660419464 5252.19726562 50.5917778015
-85.4188232422 11534.7167969 53.569984436
2507.40698242 -3186.91601562 48.9388961792
-2777.89160156 13980.4111328 28.9598464966
-5165.12011719 12756.0976562 28.6198787689
-260.08480835 8930.5859375 46.3735694885
1884.98266602 10442.8662109 62.4128456116
-2699.41992188 10985.8496094 62.3224716187
-3728.20849609 3465.26611328 42.8761177063
1636.11730957 -6938.73779297 35.6900215149
538.680603027 -4351.61962891 6.19132995605
-1298.59509277 -6617.04589844 81.7134094238
-667.34197998 -1850.95629883 45.334400177
-35875.8515625 -3382.94116211 37.6157951355
-40128.1914062 -835.778625488 43.7572784424
-38046.7734375 -2236.29882812 17.0925483704
-39807.4609375 5275.6953125 76.9212646484
24071.8339844 -1118.46313477 59.2184677124
26436.1738281 5984.50390625 76.2529449463
18809.53125 -171.396362305 71.5488204956
33506.21875 -1805.73962402 29.9460716248
17506.4921875 -3944.51928711 59.1325645447
20372.2929688 -4450.21777344 77.8318786621
25252.3007812 2431.43017578 66.5217895508
27863.7382812 1536.35913086 47.7743148804
30664.8886719 1413.75415039 13.9047851562
32890.4023438 503.525848389 26.1543445587
15586.9882812 -5386.56640625 61.3749847412
11355.5117188 -6205.14355469 16.2290344238
12593.9394531 -2400.06835938 27.1958236694
6869.13818359 -7422.36572266 43.1116714478
16356.4277344 570.779296875 54.8642997742
24591.5996094 7186.87841797 51.2799263
35209.1640625 313.726745605 32.4012756348
38116.4375 -593.742614746 26.2286834717
29336.9824219 -2471.79492188 32.3543777466
35467.015625 7856.99023438 40.2852706909
30276.03125 9067.83691406 35.1741905212
27569.7070312 9731.65527344 -13.1302528381
34063.65625 12399.8193359 27.8272514343
21472.9609375 -952.186035156 17.669834137
29028.8730469 5467.89404297 39.1425628662
34079.6601562 4157.57373047 36.0798873901
-35666.6953125 -2037.31079102 -17.6504440308
-33939.7226562 -6902.51367188 38.6412734985
-36106.4140625 -5518.02197266 22.1873760223
-38148.6054688 -3740.39599609 58.509552002
-39819.2070312 4135.18066406 68.6021575928
-37957.5664062 1596.7154541 33.8911895752
-36326.8320312 -8756.02246094 62.4229049683
-39641.1757812 7323.91015625 73.1859817505
-37998.2539062 -923.460388184 53.9697189331
-37432.7265625 -9596.52539062 56.9362411499
-39576.4257812 -4823.34521484 34.5070533752
-40648.2734375 -2436.75488281 46.3747024536
-38504.5742188 -7209.93554688 35.2123680115
19812.3125 6467.22802734 97.687210083
15966.7480469 9835.87207031 80.3366546631
21947.4589844 7555.68847656 76.8614044189
19737.2832031 9646.04882812 31.5741653442
10283.46875 1749.13269043 44.5662612915
14058.8037109 1647.08129883 38.9509391785
12361.0527344 3570.68066406 58.693649292
28876.9492188 13374.7978516 69.5948486328
21686.6074219 14031.0175781 42.5445251465
11905.0429688 6564.78613281 97.7008056641
6179.36669922 11662.7158203 30.4637432098
11960.8291016 12734.0205078 59.7753295898
15800.8076172 15633.2460938 55.7184104919
7926.13085938 -3665.26196289 53.4763565063
27507.4804688 12609.3671875 -2.53467559814
17685.3515625 14110.4423828 89.5901947021
25359.2734375 14447.6455078 59.3774337769
18142.6503906 4866.79394531 33.9792900085
15936.8310547 6142.59716797 61.019908905
6168.33544922 14485.5341797 63.7266540527
21595.7128906 11301.4863281 61.8093605042
4439.38378906 522.852233887 43.7449569702
23438.421875 9661.2890625 6.82177734375
8252.48046875 3312.31103516 33.6653671265
4233.19726562 6857.49169922 41.6115455627
26024.9238281 10499.2558594 64.0860290527
23628.1582031 12444.1455078 61.4991188049
6262.10742188 8142.08691406 14.163028717
4255.72900391 10198.0625 72.6268768311
6646.09570312 -4539.16650391 81.8663330078
4507.33154297 -3073.35620117 -3.4596786499
14002.8769531 8136.03076172 30.086183548
11831.9521484 9925.34765625 72.8403549194
7730.96582031 12927.3720703 67.7967834473
9930.31933594 11566.3085938 48.7859191895
8367.81738281 205.278274536 33.7408676147
10221.3320312 -1692.34680176 -8.28276443481
6425.70214844 1634.61010742 54.3554534912
4443.39208984 3286.39257812 36.8282241821
10592.9013672 7511.64208984 55.2412261963
6258.04003906 5197.09179688 61.3074798584
13996.4335938 5164.41650391 50.3599510193
8236.12011719 9736.7421875 13.3212203979
10181.9052734 4555.69287109 58.3724746704
8492.94042969 6284.64355469 40.2134017944
6193.66210938 -966.688171387 41.6428565979
17780.4023438 7867.49365234 54.2521247864
9978.57714844 14273.7919922 55.4127807617
13577.2480469 14786.7734375 68.0111694336
15844.6640625 12658.8193359 71.8864898682
18327.6855469 10516.9658203 59.3597640991
4190.88037109 13210.7324219 59.7957611084
12126.3925781 136.264511108 39.1294174194
15969.0185547 3221.44848633 69.1570510864
13865.5556641 11086.4648438 50.9375457764
19608.9414062 12701.0458984 40.9180831909
-38161.3242188 -5104.29003906 79.0973052979
-36114.7929688 -6719.49804688 36.1438522339
-35892.0 -9995.13378906 36.7487373352
-33882.390625 -8405.76074219 72.5815048218
-14000.4248047 -13298.2558594 43.7377319336
-7410.36474609 -9176.59472656 44.2348403931
-5425.63085938 -8429.24707031 62.5702133179
-6057.13769531 -6208.29296875 4.9009552002
-8040.36621094 1368.47717285 9.40942764282
-8300.83398438 3883.82275391 50.4179954529
-6219.21582031 2457.27050781 67.9350967407
-11994.8964844 -6073.27099609 42.721321106
-4257.72607422 -4599.03369141 35.5735321045
-4345.37207031 5834.94238281 48.269947052
-6187.59716797 10645.4873047 41.4351882935
-5234.85986328 8229.82324219 29.9706821442
-2160.77539062 -4238.56445312 79.4002914429
-3360.04003906 -1639.29138184 34.3051986694
-3875.70849609 1147.44665527 10.7127799988
-9908.515625 -5086.04589844 57.2100982666
-10607.2998047 -3019.69091797 73.8366394043
-1980.67468262 -1670.60009766 38.1907653809
-12170.4101562 -12057.453125 44.5500335693
-12798.9316406 -9705.72949219 5.70323562622
-7354.65673828 -846.434143066 50.4656791687
-6684.92578125 -3240.43847656 55.6249847412
-9323.96875 -7727.63232422 37.0258522034
-6765.94970703 5173.90039062 57.5592041016
-39097.375 10283.0322266 44.1595687866
-36583.5898438 5831.1484375 -8.47025680542
-29267.8710938 14602.9091797 30.8526992798
-29894.5351562 11740.2353516 68.0314788818
-37389.9492188 2767.76196289 46.7583312988
-30761.0332031 5566.73828125 28.9541606903
-34717.8203125 1195.44348145 50.883556366
-32688.3945312 -3619.23120117 70.7308273315
-29630.8652344 -6109.44091797 3.69384765625
-29652.4472656 -2817.02587891 65.1432723999
-31761.0976562 -8120.66943359 46.457611084
-29528.1171875 -9139.859375 50.0337944031
-29995.5214844 3649.18579102 15.7894859314
2341.34936523 9591.16503906 29.172246933
-2952.94775391 9791.26660156 61.6809616089
-344.423370361 12783.2021484 3.09196853638
-438.84866333 6112.24316406 31.5732650757
2073.8190918 -2242.29223633 86.1100082397
-3046.37719727 6679.39306641 66.0447998047
2388.33325195 6306.22509766 64.8717956543
168.660308838 3487.36743164 37.3698997498
2232.78515625 1260.82910156 39.1308441162
-241.342956543 8030.06152344 94.7706298828
35134.6289062 8709.92089844 69.9057006836
19571.3261719 14532.109375 30.5737018585
8058.03076172 11014.4384766 47.4759597778
12083.1328125 14246.3535156 27.3036651611
25970.5371094 7155.0859375 68.4408569336
31489.4140625 5800.57080078 24.4919776917
30105.625 234.190383911 64.6775131226
23569.5507812 5857.76806641 31.8434829712
13028.9208984 -3660.31469727 26.1884040833
16009.890625 4553.42773438 60.2694282532
17795.2109375 -4962.99755859 42.3324699402
21608.0996094 12612.5107422 41.5508499146
19596.1894531 11145.0683594 56.4440956116
18585.9941406 1017.73736572 0.761909484863
32201.4921875 1659.09716797 56.5136795044
23931.5234375 -100.042381287 54.5049324036
10233.1835938 379.891296387 9.1838722229
26709.2539062 4848.34521484 29.0405387878
19281.1796875 -1204.52624512 60.8382797241
33118.1835938 -570.662902832 13.8281707764
30883.5410156 -2102.01757812 30.0386657715
19576.2226562 -3344.92114258 58.0616722107
23517.5644531 11044.7001953 54.2119979858
4123.74658203 14924.7636719 62.2571220398
17762.8359375 12914.1455078 46.9401016235
12067.2587891 5043.45898438 57.0120697021
14025.9658203 6588.14892578 30.0108909607
6343.01855469 13022.5185547 47.0326004028
4246.72705078 11589.8632812 33.1922073364
8366.91308594 8439.44433594 56.7568893433
14215.9990234 269.065429688 -3.24088287354
12249.4267578 -1198.43981934 29.9517154694
13967.1210938 9568.80566406 34.6205482483
8291.47167969 4814.87792969 71.773727417
6365.86767578 3764.4387207 78.048286438
4221.04248047 8078.82910156 50.8773803711
11887.8945312 7881.88183594 3.22864151001
4485.86425781 1907.12329102 14.5827102661
9759.49023438 6504.97216797 34.7088928223
9176.55273438 -6917.88085938 58.075428009
6290.53222656 6705.921875 15.8141021729
4348.91894531 4706.78417969 60.0298538208
11864.2236328 11233.2978516 52.5680656433
13801.7578125 12479.2460938 72.5644454956
6793.23925781 -3307.79248047 71.0388641357
15775.0761719 14144.3935547 49.0162620544
8616.203125 -4576.22265625 15.5444755554
10380.7470703 -2893.67895508 32.1420440674
4450.52441406 -1623.3762207 78.8970031738
6351.9375 301.26071167 39.4670791626
23201.2949219 7269.68457031 43.2388191223
25406.8085938 9437.07617188 62.5988845825
27347.7324219 11105.6865234 72.2466278076
29932.6347656 12196.4306641 73.0581512451
16630.1699219 -754.759765625 -8.29858016968
14580.5576172 -2166.03686523 52.3349761963
13769.5703125 3064.92993164 34.8864364624
8379.18457031 -1166.73828125 69.3615570068
12199.0341797 1458.96862793 57.2891464233
4290.65039062 -7396.94824219 16.6873588562
6631.24609375 -6056.21289062 56.5285186768
16125.3984375 1862.50622559 53.983341217
17306.8496094 3762.39208984 60.3210334778
19541.3535156 4968.00292969 74.3741378784
22115.3222656 6364.15771484 42.4284515381
26302.3125 -978.729675293 69.8965454102
22012.109375 -3944.41894531 18.1155853271
16246.3613281 -4392.77929688 64.9842758179
12667.0185547 -5818.26855469 55.2122840881
10278.1220703 3162.92260742 44.6110305786
8294.3671875 1784.90869141 49.4440193176
31615.5898438 4347.06298828 47.6379852295
15926.0996094 11268.9951172 69.5247497559
11147.4140625 -5218.09570312 78.0620574951
19829.9882812 8038.64355469 32.3537712097
27518.2890625 14257.8662109 85.4198684692
4522.37597656 -4623.14355469 17.6621551514
6127.1015625 9511.59863281 36.3690376282
31312.1445312 14277.8476562 32.5204391479
16011.1796875 7599.71679688 37.9564399719
17715.9667969 9317.99707031 55.837474823
8119.8359375 15078.1269531 63.2336845398
19967.7792969 2714.34106445 40.9655036926
28628.4609375 -1395.53405762 49.1032295227
21794.9375 4167.63574219 66.8025970459
6105.05419922 15927.2998047 66.2105331421
26721.0546875 -2474.16235352 67.6276779175
35383.1484375 6597.74169922 30.1768302917
37107.0 2543.89428711 15.2803535461
34228.7890625 11303.5371094 65.6975708008
32480.2949219 9567.99902344 64.3920516968
22359.3242188 1859.11486816 87.9570846558
28537.1640625 6516.01806641 37.9541168213
30592.7226562 7937.50634766 40.7422180176
28269.0722656 8751.69628906 62.3843193054
25475.2578125 12862.8740234 51.8677711487
17839.1132812 6298.45019531 19.1411018372
9894.48828125 12846.4863281 59.9354515076
23576.234375 13890.9140625 68.361831665
21659.5585938 15475.7412109 -2.29640197754
22060.6386719 -2252.61767578 51.2220993042
35728.09375 -1092.95910645 34.2572631836
34769.359375 3143.48535156 62.0503311157
29258.4941406 4143.06445312 53.2883415222
32669.0898438 6906.07324219 22.5028343201
-1526.15405273 627.109130859 93.3306427002
-21240.6328125 -13656.4726562 58.9082717896
-19660.8457031 7304.78662109 35.44921875
-28003.7011719 12397.4863281 24.6871585846
-24977.2539062 2137.5949707 59.6848716736
-25137.84375 8405.39550781 54.3158874512
-20761.2871094 2845.43017578 24.6311073303
-27418.3496094 8956.31835938 74.9103317261
-13929.65625 9397.85351562 73.0891113281
-20955.3925781 12491.5048828 37.5686454773
-19486.0351562 10875.4238281 82.9512786865
-18553.7578125 9168.26855469 75.4947280884
-26145.28125 -5943.51025391 26.4394702911
-27895.6210938 -4181.28027344 4.35269927979
-25255.8671875 5582.27392578 65.7377471924
-20947.8789062 -671.57208252 80.3365249634
-9859.59082031 10270.2333984 77.3450622559
-26503.7617188 13944.0966797 65.4961013794
-16713.9570312 3760.26367188 28.3383369446
-13980.3369141 6253.91015625 32.1648712158
-12597.8085938 10953.5244141 52.1034355164
-27589.3398438 5957.62841797 42.1499443054
-27515.3085938 2510.09936523 105.714820862
-23709.9140625 -3517.34033203 65.3292388916
-25112.8535156 -1406.06420898 -10.5544090271
-15337.7519531 11447.0498047 75.5728225708
-12637.296875 7706.28027344 39.6155128479
-17980.1816406 1807.7722168 35.6679534912
-23387.5253906 2.71010732651 44.0523757935
-23175.5371094 6722.51953125 -1.36362838745
-27704.8085938 -7433.09375 20.0627212524
-23764.7402344 13120.9033203 80.0039215088
-27791.2148438 -840.893981934 38.2516021729
-22254.1523438 4609.16796875 16.9678764343
-18148.7285156 5738.53173828 7.92026519775
-14082.5761719 -15183.7226562 58.3469161987
-11738.5742188 -14979.0546875 18.7789611816
-7050.57324219 -14569.71875 59.3580627441
-9394.57421875 -14774.3867188 66.293296814
-7065.43408203 -12198.25 58.3405838013
-10520.2949219 -13443.2939453 17.1512489319
-29866.53125 -4825.39990234 -5.63510513306
-29721.1054688 -1586.41687012 15.2707595825
-29708.2246094 4703.14306641 35.7599487305
18328.8183594 -8815.57519531 54.7359466553
22865.0625 -12885.4775391 54.4186592102
33586.515625 -2819.79492188 73.9569396973
31546.9335938 -3461.34960938 12.024772644
29371.1699219 -8565.13769531 58.4035644531
25407.9921875 -7761.96533203 59.2265357971
17187.5214844 -15533.8349609 0.964462280273
19322.8515625 -14677.3720703 35.34009552
20505.6171875 -5984.03417969 63.6503334045
18246.2539062 -6221.98339844 17.0617828369
16213.1054688 -6513.45214844 30.8534259796
13795.8173828 -6545.55273438 55.4901733398
7390.86376953 -8687.46484375 27.8808479309
4821.25439453 -8451.26660156 48.3713378906
9458.91210938 -8070.38574219 27.6827869415
23096.5898438 -10852.296875 95.5484466553
26029.40625 -10366.9541016 40.3043518066
14503.3974609 -12671.2177734 42.6641807556
16675.6445312 -12495.7568359 29.6240749359
30257.9863281 -6763.73388672 58.11120224
12850.6855469 -13292.5410156 33.5508460999
9891.56347656 -13338.9345703 18.7743492126
24952.4863281 -4856.76953125 56.2666168213
22704.625 -5326.70361328 32.7775726318
15365.5244141 -16365.0195312 47.974193573
11763.9384766 -9767.54394531 54.5191268921
11819.2128906 -6939.1328125 41.1484184265
32184.1777344 -6171.66357422 26.3998508453
19318.0859375 -11391.1689453 60.7220535278
21771.1464844 -11612.2060547 53.7936325073
9642.85742188 -10491.6523438 25.3118400574
14201.0029297 -9422.95214844 32.305809021
7348.46289062 -10836.390625 57.0356712341
16313.3339844 -9276.50878906 87.4677734375
13097.5097656 -17024.3417969 11.2781982422
36420.5976562 -2276.07397461 44.2604522705
29324.2949219 -3969.60668945 47.219078064
23226.1386719 -8143.84228516 73.8137207031
27526.7460938 -6359.48046875 25.6422100067
27255.7441406 -3899.06835938 62.0198364258
20830.4882812 -7696.18457031 12.9015426636
16639.7949219 -16709.2324219 47.0751953125
36114.7109375 2876.44067383 35.0310821533
28442.3105469 10628.6533203 41.3044967651
25676.46875 5111.24853516 33.8229598999
27449.4550781 6879.16259766 45.1702308655
36333.875 8636.00878906 86.9495849609
35682.1328125 10792.1591797 65.6798858643
25692.1640625 -2911.93481445 43.9305534363
30845.4609375 10013.3496094 43.1020622253
26305.8691406 1361.37866211 52.9130477905
34605.5742188 -974.629455566 67.0585784912
17225.5117188 1444.6619873 74.9667892456
14554.7460938 -4202.81982422 76.6277313232
15356.1601562 -368.502075195 62.4133682251
32875.5507812 13822.0732422 45.333065033
33478.90625 2655.59057617 74.4831542969
11617.9931641 -3282.85498047 59.8929634094
19979.4433594 659.403625488 47.365146637
38940.859375 11.4065551758 59.2000350952
37637.3671875 4323.70751953 34.1396713257
32907.1484375 5383.34423828 34.8868408203
15760.1621094 -1785.50183105 17.6313476562
28679.6855469 67.3527984619 79.7186279297
25006.0214844 -496.275726318 33.6926689148
23630.3222656 -2175.90209961 67.8649139404
7782.10107422 -6510.75292969 45.534614563
29462.875 8229.68554688 37.6914253235
24796.3144531 1066.40283203 32.81823349
13379.6904297 -1688.65356445 38.7661628723
31786.6074219 7807.94140625 34.5207290649
33750.9804688 1354.78601074 20.2217693329
38289.1171875 2167.55712891 35.0724945068
36985.625 6479.85791016 27.4602050781
18132.7382812 -2887.18188477 50.7508392334
18057.6738281 -1361.62915039 36.6139526367
32689.8964844 11481.2021484 46.5382270813
29876.5097656 6771.08300781 48.393611908
28039.03125 4486.61083984 71.5142974854
20613.140625 -1676.30126953 73.1360778809
24232.3261719 3460.31469727 111.467338562
30363.0546875 3811.22216797 64.5497055054
26801.8535156 2734.48071289 82.8836364746
9765.48925781 -4940.61865234 65.4654006958
34045.65625 9193.49609375 43.6409187317
35030.3867188 12948.3095703 25.9933166504
34378.640625 15104.4599609 58.8235473633
21655.0351562 422.13104248 21.7981109619
27511.6152344 -1111.40454102 49.3388175964
34680.46875 5286.69921875 46.1123352051
-2591.5690918 1006.26104736 29.2809066772
-35159.5859375 -4534.09570312 27.8445968628
-37142.6367188 269.195098877 60.6412887573
10798.1728516 -17272.1015625 61.0246887207
5353.24121094 -11016.3486328 109.999549866
8695.16601562 -14229.1835938 54.1374816895
6418.41845703 -14770.9111328 3.43492126465
3944.33398438 -15681.4296875 20.6940765381
5446.53417969 -16069.6484375 -0.394111633301
-19720.4863281 -6466.32324219 39.9625053406
-16323.2158203 -4294.89892578 33.7131919861
-16306.3583984 -5719.12841797 25.5566120148
-25812.2089844 -7836.96142578 27.0498046875
-11833.2197266 5797.14892578 38.4978485107
-17744.0585938 438.47769165 46.3401603699
-16897.3769531 -1875.89221191 56.1040420532
-22271.3398438 -7216.91455078 50.2482528687
-11413.3994141 3560.27636719 69.2448120117
-14360.5214844 868.123657227 28.979801178
-20089.5703125 -5141.17675781 48.6087150574
-19406.5371094 -2370.65795898 53.7357330322
-12473.1484375 -4050.8828125 5.94953155518
-23066.0566406 -4838.2265625 37.5485229492
-14009.0898438 2999.89355469 79.7678985596
-10416.2353516 3089.8190918 67.7483901978
-18620.59375 -10625.4970703 27.3043937683
-22325.7070312 -9354.75683594 36.0502243042
-21914.9589844 -11471.0400391 15.3824806213
-9286.69140625 8742.88085938 34.3008041382
-8903.16503906 6235.29443359 43.7867393494
-19033.8730469 -13264.8544922 23.6674423218
-24920.515625 -10052.3632812 23.8525981903
-14835.3076172 -10283.8525391 43.6940917969
-14073.3544922 -3090.81640625 14.9777755737
6816.89355469 -16308.9228516 61.452041626
3067.76757812 -14425.5087891 60.6595878601
6377.17871094 -11606.1015625 29.8585720062
3382.17749023 -9440.453125 70.02003479
2704.34057617 -11383.921875 -5.08642196655
4267.25634766 -13030.1464844 41.6050415039
2026.50366211 -13327.390625 28.6310787201
7372.12841797 -13729.1796875 46.3629608154
4321.30029297 -10466.8671875 71.7296981812
1348.66674805 -15270.8574219 63.3467330933
-37481.8710938 -6119.70800781 89.3673782349
32864.8046875 -10285.9130859 40.9805297852
32686.5585938 -12862.0849609 28.827922821
38514.7421875 -16317.9599609 74.2382965088
38615.0078125 -14284.4541016 69.473739624
23273.7128906 -15939.0136719 56.3307647705
36605.765625 -14987.4052734 27.6777858734
35687.4257812 -10271.8886719 53.3825645447
27165.8515625 -15301.9160156 25.2852916718
30361.8515625 -10897.9052734 33.0032501221
35413.4570312 -12416.1679688 38.301776886
30171.7558594 -9551.78125 30.6934719086
29586.1210938 -14895.7949219 67.8119659424
23962.2460938 -13584.6279297 47.8854064941
39116.3359375 -4116.92675781 42.8531723022
39216.6015625 -2083.42138672 73.9634170532
26863.640625 -11570.7929688 32.4598960876
38715.2734375 -12250.9482422 57.2852859497
38915.8046875 -8183.9375 69.976852417
33026.5039062 -7279.43701172 31.3116722107
36003.59375 -6466.51269531 29.9051399231
39016.0703125 -6150.43261719 52.6189460754
38815.5390625 -10217.4433594 39.720123291
35459.3242188 -3994.7355957 37.3368034363
32972.8632812 -14956.6904297 37.9137763977
30121.5410156 -12992.1035156 45.8770980835
18070.0195312 -16569.984375 57.321105957
24351.3144531 -11515.1699219 52.3619041443
18367.9609375 -7588.90234375 24.8359203339
14670.2421875 -15352.7949219 51.7749328613
35032.7265625 -2503.59350586 32.6091995239
17590.6582031 -12906.0537109 101.453315735
15292.5019531 -9910.86621094 58.9298248291
7614.30175781 -12052.046875 56.164516449
23274.5117188 -9525.76953125 56.5043792725
10836.9433594 -14557.1855469 32.2203598022
27030.2109375 -9270.58105469 51.4784927368
29632.7226562 -5399.83349609 8.64188766479
19610.3632812 -12990.1582031 54.3097267151
23077.0585938 -6718.11035156 63.6942138672
21427.1972656 -5209.56054688 -4.45721817017
31935.890625 -4836.02050781 36.749671936
22018.6972656 -8844.32226562 6.0931854248
-4356.72265625 -11926.9277344 81.6265563965
-5371.2890625 -13620.5664062 81.7525253296
-7229.63427734 -13481.5917969 33.7360916138
-2327.58886719 -8539.65429688 52.2871742249
-3342.15576172 -10233.2910156 40.8218193054
-5509.90722656 -10634.8183594 38.2755088806
8792.39941406 -5805.45751953 70.4010467529
20438.625 4019.69482422 56.3999061584
29212.4375 9706.45605469 38.8155822754
36860.7265625 94.6939926147 -6.96297454834
31222.9882812 7034.20361328 64.7324295044
32199.6132812 3060.91796875 78.7489776611
15305.5419922 -3079.21972656 70.1820373535
28000.4785156 -2187.74731445 15.6036186218
26399.75 9226.30566406 -5.62076568604
23794.5703125 2112.94482422 44.1436462402
14466.6611328 -930.987365723 30.4993038177
24653.7929688 -3293.25878906 44.8901062012
18428.2324219 2514.56811523 50.1472358704
10711.9511719 -4007.77905273 13.4983901978
35648.125 4158.93603516 48.5102653503
22790.0527344 3178.39208984 42.2642822266
21384.1347656 2865.30493164 65.6871109009
31429.2207031 12519.1582031 4.76702880859
32915.5117188 8318.171875 108.107185364
33112.90625 12822.0322266 79.110824585
34079.65625 7756.25146484 69.2321624756
17225.1757812 -8379.73242188 24.9979248047
25229.4726562 -6311.94824219 32.2482452393
20353.8945312 -14208.6435547 79.707321167
5253.97216797 -12359.8164062 61.1872558594
7763.01367188 -9796.86816406 15.3156089783
7632.66113281 -15073.3671875 39.1905555725
29411.0371094 -7496.38085938 69.8650741577
8553.91210938 -13026.6279297 38.8578834534
14183.0917969 -13905.0498047 31.7697753906
17502.7617188 -9855.16601562 27.3629131317
16086.7675781 -15110.8242188 47.5786323547
14167.6376953 -17195.7207031 16.6455917358
17401.3300781 -11450.7490234 13.5330619812
8852.2890625 -17042.6640625 63.6051177979
23234.4179688 -11946.7978516 76.3745574951
4176.24121094 -14152.7197266 42.2386398315
9749.07714844 -14855.8652344 50.3752937317
11477.0117188 -15986.7294922 81.8468551636
5660.21630859 -13781.2822266 60.1986541748
27149.1699219 -7776.10498047 63.197265625
-15510.7695312 -8030.25830078 59.8287124634
-20583.3378906 7744.58300781 45.2126922607
-13171.4941406 -5332.29931641 -4.92860031128
-20121.4316406 -8697.921875 54.8920516968
-17561.3359375 -4755.84716797 69.2210083008
-20658.5957031 1577.81347656 40.2622032166
-16575.0253906 -259.380493164 42.9853439331
-26391.5195312 -3975.17895508 55.8040008545
-8348.03320312 7672.76123047 64.1231918335
-26110.9960938 11842.9345703 45.9300994873
-18302.9941406 -9593.59277344 13.3890228271
-17964.4433594 -13451.0517578 29.6619720459
-16999.1054688 -8095.17578125 7.50115585327
-24776.140625 3379.10253906 43.8253059387
-27458.03125 11350.1503906 70.0931549072
-24792.4140625 9862.60253906 6.93701934814
-16598.2441406 -11823.3222656 79.7092819214
-23110.71875 -11722.4570312 57.49609375
-16513.7050781 11843.0166016 28.2321205139
-14514.3193359 -1137.36047363 38.710193634
-19620.0175781 -1173.90100098 41.9363975525
-19353.71875 5984.20166016 55.6878929138
-21058.2480469 11027.8515625 52.5572547913
-15512.0761719 2988.05688477 46.416885376
-19545.4179688 12343.6367188 52.3021087646
-16113.7158203 -2733.28955078 65.8992919922
-16153.3496094 8972.44433594 44.4989242554
-9182.64941406 4877.34179688 43.4543495178
-20638.6972656 -2056.16015625 51.5535240173
-23957.9804688 1211.96508789 62.0551834106
-19023.6835938 -4526.66650391 52.8015480042
-13872.5166016 -9316.58007812 68.4886550903
-15007.4316406 10095.1884766 53.0024299622
-8443.26269531 10009.4179688 88.9109649658
-22340.6152344 -3845.48291016 34.0303535461
-15209.2138672 6555.44287109 39.5997695923
-18329.3652344 6869.15722656 28.2419681549
-27435.2285156 -2158.3034668 41.7943229675
-11660.5361328 -2711.29272461 71.0383453369
-12278.6416016 4366.65478516 33.9460372925
-25171.1699219 -6777.13525391 64.8740081787
-27652.6269531 4590.27441406 70.8252105713
-25158.1914062 7073.25585938 72.5461959839
-22063.4941406 3351.20019531 38.2596664429
-21005.40625 -12368.2666016 86.6524581909
-11294.9277344 7043.63525391 9.21100234985
-14022.2832031 11288.5 80.9870147705
-19653.9550781 -10890.9355469 52.5223960876
-12553.6679688 9635.34179688 26.7192249298
-24478.3339844 -11158.7177734 14.3608932495
-15897.5097656 -14046.9550781 49.2586555481
-23376.0253906 11758.1992188 46.5390930176
-18021.0019531 3869.23608398 62.6033668518
-24186.1308594 4755.50097656 42.4705963135
-27586.6816406 7328.34082031 -5.64510345459
-23189.4765625 -6703.56542969 87.1462097168
-25251.2382812 13326.4082031 63.4200439453
-27152.6367188 -5345.54541016 73.0410690308
-10489.8251953 1103.62609863 31.9252605438
-23454.4609375 -1319.71618652 54.7275085449
-18279.0410156 -1956.95373535 96.7179870605
-27725.6367188 1147.50366211 58.2878227234
-17822.7421875 10335.9042969 61.9349136353
-21158.7753906 -9193.69628906 68.3438110352
-22111.6328125 6192.81591797 55.944858551
15728.1064453 16692.3671875 33.7217445374
8012.45898438 16907.03125 80.4178237915
10894.7529297 -633.362976074 40.0139503479
29230.4882812 16316.7011719 45.6070365906
33088.3125 16209.3681641 55.4310913086
14843.8359375 2445.44995117 30.8637733459
18618.4941406 8791.41992188 57.885635376
17657.0195312 16638.6992188 34.1747512817
10788.1767578 5712.94433594 54.6183242798
11102.0332031 940.438964844 49.6389732361
15145.7148438 8772.2265625 9.78857421875
25372.6640625 16424.0351562 36.3772888184
27301.578125 16370.3681641 50.4236679077
10986.1660156 13589.6376953 56.6195716858
9941.37109375 16853.3632812 25.5896682739
23443.7539062 16477.7011719 44.2338104248
31159.4023438 16263.0351562 21.4501857758
11432.5322266 2510.56665039 50.7897491455
22936.9121094 14935.5595703 46.8814201355
4154.63476562 17014.3632812 52.7322311401
6083.546875 16960.6972656 24.1705665588
6505.50585938 -2110.91699219 43.8967475891
14775.0078125 10398.6855469 58.3534469604
8789.86621094 13790.2138672 62.6274490356
18657.3144531 7201.48828125 35.9356918335
13799.1943359 16746.03125 23.5931510925
11870.2832031 16799.6992188 42.439163208
21514.8417969 16531.3671875 39.0547103882
19585.9296875 16585.0351562 16.3948135376
18639.9335938 5864.29638672 77.2721786499
18401.0957031 15230.0703125 36.784034729
-6683.70605469 -1842.43200684 84.6956710815
-7369.6640625 3022.45263672 62.3593444824
-5483.19335938 6848.58544922 40.2415161133
-7560.98486328 -2625.48217773 22.1239509583
-8650.27246094 2324.85400391 64.3604736328
-6287.18652344 9137.08007812 52.6092185974
-13186.9755859 -11619.8925781 78.4599914551
-4860.87890625 4361.39453125 42.3607788086
-6192.63232422 950.436218262 46.6036300659
-11542.7333984 -10686.6005859 -1.89022827148
-5070.03125 -3850.13500977 43.8859519958
-11721.8193359 -7538.29638672 74.2354736328
-7793.19873047 -5409.46582031 84.269569397
-10334.1826172 -7164.69189453 91.2857513428
-9230.1953125 -6210.77050781 18.132818222
-3834.55175781 -3179.26293945 38.5238647461
-8230.09960938 -8474.234375 81.5700531006
-3945.84594727 -8818.95703125 56.4066543579
-5190.68798828 -6897.52685547 68.4246063232
-4278.02050781 -967.266296387 55.0094947815
-9439.59082031 -855.586608887 20.121515274
-8251.48144531 -130.545608521 40.3378372192
-2549.77001953 -5720.41601562 57.9872970581
-9556.40332031 -9281.62597656 29.260635376
-7076.69042969 -10667.3017578 41.1476325989
-9712.97460938 -3819.08764648 53.4461135864
-10832.0341797 -4684.85888672 35.3701400757
19927.546875 -17610.2792969 57.2092170715
21835.5507812 -16143.0722656 27.3179836273
20306.3339844 -15651.6240234 33.3707733154
36638.5390625 -13384.5742188 19.874917984
31964.8925781 -12065.1923828 43.7186889648
36540.2304688 -3276.87841797 40.8604621887
36415.5234375 -7795.96826172 69.6027679443
36781.6757812 -11294.1933594 50.7607955933
36772.6875 -4499.99658203 24.1319179535
32295.7050781 -8545.78515625 67.6591262817
37249.46875 -8970.33789062 40.5259857178
22881.8652344 -17330.2636719 5.72420501709
24683.3632812 -15837.2490234 62.1011734009
21498.2617188 -14221.6806641 61.6082077026
25803.6796875 -14758.4482422 48.7008171082
24360.875 -12626.890625 49.3034820557
28857.0410156 -17126.6503906 17.7732658386
30359.9453125 -15750.9628906 50.0027770996
32004.6445312 -14744.2216797 67.7954330444
29087.3046875 -12370.5019531 76.3371963501
16702.1464844 -18129.1757812 45.6565933228
29405.9570312 -10536.7470703 65.2264328003
33574.8164062 -8946.20117188 49.3021011353
34571.0742188 -16661.2363281 20.9660301208
28291.0019531 -15367.0273438 49.5462188721
-26260.75 -11447.5136719 68.2923202515
-23392.9179688 -13844.9257812 46.1663742065
-24826.8359375 -12646.2207031 44.3234329224
-27694.6679688 -10248.8085938 76.9622650146
-18037.5957031 -14970.390625 2.33493041992
-16182.2490234 -15180.8339844 33.8619995117
-21748.2890625 -14549.5019531 46.919418335
-19892.9414062 -14759.9453125 11.5915756226
-23776.4746094 -12327.4267578 62.6947784424
2674.79150391 -12696.1992188 45.3658828735
29080.4648438 -15954.3300781 59.8614692688
-3786.22875977 -7541.30126953 74.3537063599
